value,cat01,cat01_label,cat02,cat02_label,time,time_label
6882389,06010000,生産,060010000,エチレン (1) (t),0020000000,平成20年
6912627,06010000,生産,060010000,エチレン (1) (t),0021000000,平成21年
7017554,06010000,生産,060010000,エチレン (1) (t),0022000000,平成22年
6689349,06010000,生産,060010000,エチレン (1) (t),0023000000,平成23年
6145182,06010000,生産,060010000,エチレン (1) (t),0024000000,平成24年
6998539,06010000,生産,060010000,エチレン (1) (t),0022010000,平成22年度
6474234,06010000,生産,060010000,エチレン (1) (t),0023010000,平成23年度
1543129,06010000,生産,060010000,エチレン (1) (t),0024000103,平成24年 1 ～ 3 月
1417410,06010000,生産,060010000,エチレン (1) (t),0024000406,平成24年 4 ～ 6 月
1577647,06010000,生産,060010000,エチレン (1) (t),0024000709,平成24年 7 ～ 9 月
1606996,06010000,生産,060010000,エチレン (1) (t),0024001012,平成24年 10 ～ 12 月
547334,06010000,生産,060010000,エチレン (1) (t),0024000101,平成24年1月
525537,06010000,生産,060010000,エチレン (1) (t),0024000202,平成24年2月
470258,06010000,生産,060010000,エチレン (1) (t),0024000303,平成24年3月
464161,06010000,生産,060010000,エチレン (1) (t),0024000404,平成24年4月
492328,06010000,生産,060010000,エチレン (1) (t),0024000505,平成24年5月
460921,06010000,生産,060010000,エチレン (1) (t),0024000606,平成24年6月
522943,06010000,生産,060010000,エチレン (1) (t),0024000707,平成24年7月
561875,06010000,生産,060010000,エチレン (1) (t),0024000808,平成24年8月
492829,06010000,生産,060010000,エチレン (1) (t),0024000909,平成24年9月
499926,06010000,生産,060010000,エチレン (1) (t),0024001010,平成24年10月
540286,06010000,生産,060010000,エチレン (1) (t),0024001111,平成24年11月
566784,06010000,生産,060010000,エチレン (1) (t),0024001212,平成24年12月
865247,06010000,生産,060020000,酸化エチレン (2) (t),0020000000,平成20年
759192,06010000,生産,060020000,酸化エチレン (2) (t),0021000000,平成21年
845086,06010000,生産,060020000,酸化エチレン (2) (t),0022000000,平成22年
820053,06010000,生産,060020000,酸化エチレン (2) (t),0023000000,平成23年
846502,06010000,生産,060020000,酸化エチレン (2) (t),0024000000,平成24年
842826,06010000,生産,060020000,酸化エチレン (2) (t),0022010000,平成22年度
842324,06010000,生産,060020000,酸化エチレン (2) (t),0023010000,平成23年度
230281,06010000,生産,060020000,酸化エチレン (2) (t),0024000103,平成24年 1 ～ 3 月
160655,06010000,生産,060020000,酸化エチレン (2) (t),0024000406,平成24年 4 ～ 6 月
215701,06010000,生産,060020000,酸化エチレン (2) (t),0024000709,平成24年 7 ～ 9 月
239865,06010000,生産,060020000,酸化エチレン (2) (t),0024001012,平成24年 10 ～ 12 月
74193,06010000,生産,060020000,酸化エチレン (2) (t),0024000101,平成24年1月
79681,06010000,生産,060020000,酸化エチレン (2) (t),0024000202,平成24年2月
76407,06010000,生産,060020000,酸化エチレン (2) (t),0024000303,平成24年3月
56947,06010000,生産,060020000,酸化エチレン (2) (t),0024000404,平成24年4月
59412,06010000,生産,060020000,酸化エチレン (2) (t),0024000505,平成24年5月
44296,06010000,生産,060020000,酸化エチレン (2) (t),0024000606,平成24年6月
74193,06010000,生産,060020000,酸化エチレン (2) (t),0024000707,平成24年7月
74591,06010000,生産,060020000,酸化エチレン (2) (t),0024000808,平成24年8月
66917,06010000,生産,060020000,酸化エチレン (2) (t),0024000909,平成24年9月
78612,06010000,生産,060020000,酸化エチレン (2) (t),0024001010,平成24年10月
81726,06010000,生産,060020000,酸化エチレン (2) (t),0024001111,平成24年11月
79527,06010000,生産,060020000,酸化エチレン (2) (t),0024001212,平成24年12月
628793,06010000,生産,060030000,エチレングリコール (3) (t),0020000000,平成20年
580769,06010000,生産,060030000,エチレングリコール (3) (t),0021000000,平成21年
595872,06010000,生産,060030000,エチレングリコール (3) (t),0022000000,平成22年
581328,06010000,生産,060030000,エチレングリコール (3) (t),0023000000,平成23年
639090,06010000,生産,060030000,エチレングリコール (3) (t),0024000000,平成24年
589806,06010000,生産,060030000,エチレングリコール (3) (t),0022010000,平成22年度
620220,06010000,生産,060030000,エチレングリコール (3) (t),0023010000,平成23年度
191285,06010000,生産,060030000,エチレングリコール (3) (t),0024000103,平成24年 1 ～ 3 月
84456,06010000,生産,060030000,エチレングリコール (3) (t),0024000406,平成24年 4 ～ 6 月
170381,06010000,生産,060030000,エチレングリコール (3) (t),0024000709,平成24年 7 ～ 9 月
192968,06010000,生産,060030000,エチレングリコール (3) (t),0024001012,平成24年 10 ～ 12 月
64766,06010000,生産,060030000,エチレングリコール (3) (t),0024000101,平成24年1月
64303,06010000,生産,060030000,エチレングリコール (3) (t),0024000202,平成24年2月
62216,06010000,生産,060030000,エチレングリコール (3) (t),0024000303,平成24年3月
34702,06010000,生産,060030000,エチレングリコール (3) (t),0024000404,平成24年4月
31717,06010000,生産,060030000,エチレングリコール (3) (t),0024000505,平成24年5月
18037,06010000,生産,060030000,エチレングリコール (3) (t),0024000606,平成24年6月
55456,06010000,生産,060030000,エチレングリコール (3) (t),0024000707,平成24年7月
61203,06010000,生産,060030000,エチレングリコール (3) (t),0024000808,平成24年8月
53722,06010000,生産,060030000,エチレングリコール (3) (t),0024000909,平成24年9月
60556,06010000,生産,060030000,エチレングリコール (3) (t),0024001010,平成24年10月
66423,06010000,生産,060030000,エチレングリコール (3) (t),0024001111,平成24年11月
65989,06010000,生産,060030000,エチレングリコール (3) (t),0024001212,平成24年12月
108324,06010000,生産,060040000,エチレングリコールエーテル (4) (t),0020000000,平成20年
102610,06010000,生産,060040000,エチレングリコールエーテル (4) (t),0021000000,平成21年
104273,06010000,生産,060040000,エチレングリコールエーテル (4) (t),0022000000,平成22年
78726,06010000,生産,060040000,エチレングリコールエーテル (4) (t),0023000000,平成23年
71796,06010000,生産,060040000,エチレングリコールエーテル (4) (t),0024000000,平成24年
95860,06010000,生産,060040000,エチレングリコールエーテル (4) (t),0022010000,平成22年度
76786,06010000,生産,060040000,エチレングリコールエーテル (4) (t),0023010000,平成23年度
16317,06010000,生産,060040000,エチレングリコールエーテル (4) (t),0024000103,平成24年 1 ～ 3 月
16980,06010000,生産,060040000,エチレングリコールエーテル (4) (t),0024000406,平成24年 4 ～ 6 月
17526,06010000,生産,060040000,エチレングリコールエーテル (4) (t),0024000709,平成24年 7 ～ 9 月
20973,06010000,生産,060040000,エチレングリコールエーテル (4) (t),0024001012,平成24年 10 ～ 12 月
6341,06010000,生産,060040000,エチレングリコールエーテル (4) (t),0024000101,平成24年1月
5940,06010000,生産,060040000,エチレングリコールエーテル (4) (t),0024000202,平成24年2月
4036,06010000,生産,060040000,エチレングリコールエーテル (4) (t),0024000303,平成24年3月
5154,06010000,生産,060040000,エチレングリコールエーテル (4) (t),0024000404,平成24年4月
5729,06010000,生産,060040000,エチレングリコールエーテル (4) (t),0024000505,平成24年5月
6097,06010000,生産,060040000,エチレングリコールエーテル (4) (t),0024000606,平成24年6月
6361,06010000,生産,060040000,エチレングリコールエーテル (4) (t),0024000707,平成24年7月
5707,06010000,生産,060040000,エチレングリコールエーテル (4) (t),0024000808,平成24年8月
5458,06010000,生産,060040000,エチレングリコールエーテル (4) (t),0024000909,平成24年9月
7802,06010000,生産,060040000,エチレングリコールエーテル (4) (t),0024001010,平成24年10月
6446,06010000,生産,060040000,エチレングリコールエーテル (4) (t),0024001111,平成24年11月
6725,06010000,生産,060040000,エチレングリコールエーテル (4) (t),0024001212,平成24年12月
281394,06010000,生産,060050000,アセトアルデヒド (5) (t),0020000000,平成20年
231541,06010000,生産,060050000,アセトアルデヒド (5) (t),0021000000,平成21年
196580,06010000,生産,060050000,アセトアルデヒド (5) (t),0022000000,平成22年
176433,06010000,生産,060050000,アセトアルデヒド (5) (t),0023000000,平成23年
133418,06010000,生産,060050000,アセトアルデヒド (5) (t),0024000000,平成24年
177026,06010000,生産,060050000,アセトアルデヒド (5) (t),0022010000,平成22年度
171170,06010000,生産,060050000,アセトアルデヒド (5) (t),0023010000,平成23年度
30644,06010000,生産,060050000,アセトアルデヒド (5) (t),0024000103,平成24年 1 ～ 3 月
28537,06010000,生産,060050000,アセトアルデヒド (5) (t),0024000406,平成24年 4 ～ 6 月
38332,06010000,生産,060050000,アセトアルデヒド (5) (t),0024000709,平成24年 7 ～ 9 月
35905,06010000,生産,060050000,アセトアルデヒド (5) (t),0024001012,平成24年 10 ～ 12 月
17588,06010000,生産,060050000,アセトアルデヒド (5) (t),0024000101,平成24年1月
4162,06010000,生産,060050000,アセトアルデヒド (5) (t),0024000202,平成24年2月
8894,06010000,生産,060050000,アセトアルデヒド (5) (t),0024000303,平成24年3月
11507,06010000,生産,060050000,アセトアルデヒド (5) (t),0024000404,平成24年4月
9107,06010000,生産,060050000,アセトアルデヒド (5) (t),0024000505,平成24年5月
7923,06010000,生産,060050000,アセトアルデヒド (5) (t),0024000606,平成24年6月
16331,06010000,生産,060050000,アセトアルデヒド (5) (t),0024000707,平成24年7月
11435,06010000,生産,060050000,アセトアルデヒド (5) (t),0024000808,平成24年8月
10566,06010000,生産,060050000,アセトアルデヒド (5) (t),0024000909,平成24年9月
11473,06010000,生産,060050000,アセトアルデヒド (5) (t),0024001010,平成24年10月
11020,06010000,生産,060050000,アセトアルデヒド (5) (t),0024001111,平成24年11月
13412,06010000,生産,060050000,アセトアルデヒド (5) (t),0024001212,平成24年12月
500211,06010000,生産,060060000,酢酸（99%換算） (6) (t),0020000000,平成20年
384023,06010000,生産,060060000,酢酸（99%換算） (6) (t),0021000000,平成21年
449667,06010000,生産,060060000,酢酸（99%換算） (6) (t),0022000000,平成22年
418485,06010000,生産,060060000,酢酸（99%換算） (6) (t),0023000000,平成23年
416736,06010000,生産,060060000,酢酸（99%換算） (6) (t),0024000000,平成24年
469257,06010000,生産,060060000,酢酸（99%換算） (6) (t),0022010000,平成22年度
394136,06010000,生産,060060000,酢酸（99%換算） (6) (t),0023010000,平成23年度
97954,06010000,生産,060060000,酢酸（99%換算） (6) (t),0024000103,平成24年 1 ～ 3 月
97670,06010000,生産,060060000,酢酸（99%換算） (6) (t),0024000406,平成24年 4 ～ 6 月
115546,06010000,生産,060060000,酢酸（99%換算） (6) (t),0024000709,平成24年 7 ～ 9 月
105566,06010000,生産,060060000,酢酸（99%換算） (6) (t),0024001012,平成24年 10 ～ 12 月
25757,06010000,生産,060060000,酢酸（99%換算） (6) (t),0024000101,平成24年1月
39702,06010000,生産,060060000,酢酸（99%換算） (6) (t),0024000202,平成24年2月
32495,06010000,生産,060060000,酢酸（99%換算） (6) (t),0024000303,平成24年3月
36463,06010000,生産,060060000,酢酸（99%換算） (6) (t),0024000404,平成24年4月
22609,06010000,生産,060060000,酢酸（99%換算） (6) (t),0024000505,平成24年5月
38598,06010000,生産,060060000,酢酸（99%換算） (6) (t),0024000606,平成24年6月
38871,06010000,生産,060060000,酢酸（99%換算） (6) (t),0024000707,平成24年7月
38345,06010000,生産,060060000,酢酸（99%換算） (6) (t),0024000808,平成24年8月
38330,06010000,生産,060060000,酢酸（99%換算） (6) (t),0024000909,平成24年9月
21738,06010000,生産,060060000,酢酸（99%換算） (6) (t),0024001010,平成24年10月
41217,06010000,生産,060060000,酢酸（99%換算） (6) (t),0024001111,平成24年11月
42611,06010000,生産,060060000,酢酸（99%換算） (6) (t),0024001212,平成24年12月
186682,06010000,生産,060070000,酢酸エチル (7) (t),0020000000,平成20年
156706,06010000,生産,060070000,酢酸エチル (7) (t),0021000000,平成21年
112007,06010000,生産,060070000,酢酸エチル (7) (t),0022000000,平成22年
X,06010000,生産,060070000,酢酸エチル (7) (t),0023000000,平成23年
X,06010000,生産,060070000,酢酸エチル (7) (t),0024000000,平成24年
X,06010000,生産,060070000,酢酸エチル (7) (t),0022010000,平成22年度
X,06010000,生産,060070000,酢酸エチル (7) (t),0023010000,平成23年度
X,06010000,生産,060070000,酢酸エチル (7) (t),0024000103,平成24年 1 ～ 3 月
X,06010000,生産,060070000,酢酸エチル (7) (t),0024000406,平成24年 4 ～ 6 月
X,06010000,生産,060070000,酢酸エチル (7) (t),0024000709,平成24年 7 ～ 9 月
X,06010000,生産,060070000,酢酸エチル (7) (t),0024001012,平成24年 10 ～ 12 月
X,06010000,生産,060070000,酢酸エチル (7) (t),0024000101,平成24年1月
X,06010000,生産,060070000,酢酸エチル (7) (t),0024000202,平成24年2月
X,06010000,生産,060070000,酢酸エチル (7) (t),0024000303,平成24年3月
X,06010000,生産,060070000,酢酸エチル (7) (t),0024000404,平成24年4月
X,06010000,生産,060070000,酢酸エチル (7) (t),0024000505,平成24年5月
X,06010000,生産,060070000,酢酸エチル (7) (t),0024000606,平成24年6月
X,06010000,生産,060070000,酢酸エチル (7) (t),0024000707,平成24年7月
X,06010000,生産,060070000,酢酸エチル (7) (t),0024000808,平成24年8月
X,06010000,生産,060070000,酢酸エチル (7) (t),0024000909,平成24年9月
X,06010000,生産,060070000,酢酸エチル (7) (t),0024001010,平成24年10月
X,06010000,生産,060070000,酢酸エチル (7) (t),0024001111,平成24年11月
X,06010000,生産,060070000,酢酸エチル (7) (t),0024001212,平成24年12月
134325,06010000,生産,060080000,合成高級アルコール（C9以上のもの） (8) (t),0020000000,平成20年
106879,06010000,生産,060080000,合成高級アルコール（C9以上のもの） (8) (t),0021000000,平成21年
132552,06010000,生産,060080000,合成高級アルコール（C9以上のもの） (8) (t),0022000000,平成22年
X,06010000,生産,060080000,合成高級アルコール（C9以上のもの） (8) (t),0023000000,平成23年
X,06010000,生産,060080000,合成高級アルコール（C9以上のもの） (8) (t),0024000000,平成24年
X,06010000,生産,060080000,合成高級アルコール（C9以上のもの） (8) (t),0022010000,平成22年度
X,06010000,生産,060080000,合成高級アルコール（C9以上のもの） (8) (t),0023010000,平成23年度
X,06010000,生産,060080000,合成高級アルコール（C9以上のもの） (8) (t),0024000103,平成24年 1 ～ 3 月
X,06010000,生産,060080000,合成高級アルコール（C9以上のもの） (8) (t),0024000406,平成24年 4 ～ 6 月
X,06010000,生産,060080000,合成高級アルコール（C9以上のもの） (8) (t),0024000709,平成24年 7 ～ 9 月
X,06010000,生産,060080000,合成高級アルコール（C9以上のもの） (8) (t),0024001012,平成24年 10 ～ 12 月
X,06010000,生産,060080000,合成高級アルコール（C9以上のもの） (8) (t),0024000101,平成24年1月
X,06010000,生産,060080000,合成高級アルコール（C9以上のもの） (8) (t),0024000202,平成24年2月
X,06010000,生産,060080000,合成高級アルコール（C9以上のもの） (8) (t),0024000303,平成24年3月
X,06010000,生産,060080000,合成高級アルコール（C9以上のもの） (8) (t),0024000404,平成24年4月
X,06010000,生産,060080000,合成高級アルコール（C9以上のもの） (8) (t),0024000505,平成24年5月
X,06010000,生産,060080000,合成高級アルコール（C9以上のもの） (8) (t),0024000606,平成24年6月
X,06010000,生産,060080000,合成高級アルコール（C9以上のもの） (8) (t),0024000707,平成24年7月
X,06010000,生産,060080000,合成高級アルコール（C9以上のもの） (8) (t),0024000808,平成24年8月
X,06010000,生産,060080000,合成高級アルコール（C9以上のもの） (8) (t),0024000909,平成24年9月
X,06010000,生産,060080000,合成高級アルコール（C9以上のもの） (8) (t),0024001010,平成24年10月
X,06010000,生産,060080000,合成高級アルコール（C9以上のもの） (8) (t),0024001111,平成24年11月
X,06010000,生産,060080000,合成高級アルコール（C9以上のもの） (8) (t),0024001212,平成24年12月
3212448,06010000,生産,060090000,二塩化エチレン (9) (t),0020000000,平成20年
3241673,06010000,生産,060090000,二塩化エチレン (9) (t),0021000000,平成21年
3221896,06010000,生産,060090000,二塩化エチレン (9) (t),0022000000,平成22年
2921934,06010000,生産,060090000,二塩化エチレン (9) (t),0023000000,平成23年
2574116,06010000,生産,060090000,二塩化エチレン (9) (t),0024000000,平成24年
3154592,06010000,生産,060090000,二塩化エチレン (9) (t),0022010000,平成22年度
2840956,06010000,生産,060090000,二塩化エチレン (9) (t),0023010000,平成23年度
686110,06010000,生産,060090000,二塩化エチレン (9) (t),0024000103,平成24年 1 ～ 3 月
574858,06010000,生産,060090000,二塩化エチレン (9) (t),0024000406,平成24年 4 ～ 6 月
716005,06010000,生産,060090000,二塩化エチレン (9) (t),0024000709,平成24年 7 ～ 9 月
597143,06010000,生産,060090000,二塩化エチレン (9) (t),0024001012,平成24年 10 ～ 12 月
226487,06010000,生産,060090000,二塩化エチレン (9) (t),0024000101,平成24年1月
220746,06010000,生産,060090000,二塩化エチレン (9) (t),0024000202,平成24年2月
238877,06010000,生産,060090000,二塩化エチレン (9) (t),0024000303,平成24年3月
235599,06010000,生産,060090000,二塩化エチレン (9) (t),0024000404,平成24年4月
169534,06010000,生産,060090000,二塩化エチレン (9) (t),0024000505,平成24年5月
169725,06010000,生産,060090000,二塩化エチレン (9) (t),0024000606,平成24年6月
207887,06010000,生産,060090000,二塩化エチレン (9) (t),0024000707,平成24年7月
252005,06010000,生産,060090000,二塩化エチレン (9) (t),0024000808,平成24年8月
256113,06010000,生産,060090000,二塩化エチレン (9) (t),0024000909,平成24年9月
194894,06010000,生産,060090000,二塩化エチレン (9) (t),0024001010,平成24年10月
180130,06010000,生産,060090000,二塩化エチレン (9) (t),0024001111,平成24年11月
222119,06010000,生産,060090000,二塩化エチレン (9) (t),0024001212,平成24年12月
5673581,06010000,生産,060100000,プロピレン (10) (t),0020000000,平成20年
5590487,06010000,生産,060100000,プロピレン (10) (t),0021000000,平成21年
5985539,06010000,生産,060100000,プロピレン (10) (t),0022000000,平成22年
5624736,06010000,生産,060100000,プロピレン (10) (t),0023000000,平成23年
5239333,06010000,生産,060100000,プロピレン (10) (t),0024000000,平成24年
5976524,06010000,生産,060100000,プロピレン (10) (t),0022010000,平成22年度
5445305,06010000,生産,060100000,プロピレン (10) (t),0023010000,平成23年度
1337549,06010000,生産,060100000,プロピレン (10) (t),0024000103,平成24年 1 ～ 3 月
1208544,06010000,生産,060100000,プロピレン (10) (t),0024000406,平成24年 4 ～ 6 月
1332178,06010000,生産,060100000,プロピレン (10) (t),0024000709,平成24年 7 ～ 9 月
1361062,06010000,生産,060100000,プロピレン (10) (t),0024001012,平成24年 10 ～ 12 月
474736,06010000,生産,060100000,プロピレン (10) (t),0024000101,平成24年1月
448796,06010000,生産,060100000,プロピレン (10) (t),0024000202,平成24年2月
414017,06010000,生産,060100000,プロピレン (10) (t),0024000303,平成24年3月
415404,06010000,生産,060100000,プロピレン (10) (t),0024000404,平成24年4月
413347,06010000,生産,060100000,プロピレン (10) (t),0024000505,平成24年5月
379793,06010000,生産,060100000,プロピレン (10) (t),0024000606,平成24年6月
444590,06010000,生産,060100000,プロピレン (10) (t),0024000707,平成24年7月
466600,06010000,生産,060100000,プロピレン (10) (t),0024000808,平成24年8月
420988,06010000,生産,060100000,プロピレン (10) (t),0024000909,平成24年9月
418261,06010000,生産,060100000,プロピレン (10) (t),0024001010,平成24年10月
448800,06010000,生産,060100000,プロピレン (10) (t),0024001111,平成24年11月
494001,06010000,生産,060100000,プロピレン (10) (t),0024001212,平成24年12月
489295,06010000,生産,060110000,酸化プロピレン (11) (t),0020000000,平成20年
469382,06010000,生産,060110000,酸化プロピレン (11) (t),0021000000,平成21年
501291,06010000,生産,060110000,酸化プロピレン (11) (t),0022000000,平成22年
508473,06010000,生産,060110000,酸化プロピレン (11) (t),0023000000,平成23年
473799,06010000,生産,060110000,酸化プロピレン (11) (t),0024000000,平成24年
501818,06010000,生産,060110000,酸化プロピレン (11) (t),0022010000,平成22年度
507630,06010000,生産,060110000,酸化プロピレン (11) (t),0023010000,平成23年度
135027,06010000,生産,060110000,酸化プロピレン (11) (t),0024000103,平成24年 1 ～ 3 月
100088,06010000,生産,060110000,酸化プロピレン (11) (t),0024000406,平成24年 4 ～ 6 月
116160,06010000,生産,060110000,酸化プロピレン (11) (t),0024000709,平成24年 7 ～ 9 月
122524,06010000,生産,060110000,酸化プロピレン (11) (t),0024001012,平成24年 10 ～ 12 月
46967,06010000,生産,060110000,酸化プロピレン (11) (t),0024000101,平成24年1月
44670,06010000,生産,060110000,酸化プロピレン (11) (t),0024000202,平成24年2月
43390,06010000,生産,060110000,酸化プロピレン (11) (t),0024000303,平成24年3月
43216,06010000,生産,060110000,酸化プロピレン (11) (t),0024000404,平成24年4月
30299,06010000,生産,060110000,酸化プロピレン (11) (t),0024000505,平成24年5月
26573,06010000,生産,060110000,酸化プロピレン (11) (t),0024000606,平成24年6月
32250,06010000,生産,060110000,酸化プロピレン (11) (t),0024000707,平成24年7月
39331,06010000,生産,060110000,酸化プロピレン (11) (t),0024000808,平成24年8月
44579,06010000,生産,060110000,酸化プロピレン (11) (t),0024000909,平成24年9月
38950,06010000,生産,060110000,酸化プロピレン (11) (t),0024001010,平成24年10月
44595,06010000,生産,060110000,酸化プロピレン (11) (t),0024001111,平成24年11月
38979,06010000,生産,060110000,酸化プロピレン (11) (t),0024001212,平成24年12月
66620,06010000,生産,060120000,プロピレングリコール (12) (t),0020000000,平成20年
63223,06010000,生産,060120000,プロピレングリコール (12) (t),0021000000,平成21年
102892,06010000,生産,060120000,プロピレングリコール (12) (t),0022000000,平成22年
97759,06010000,生産,060120000,プロピレングリコール (12) (t),0023000000,平成23年
79219,06010000,生産,060120000,プロピレングリコール (12) (t),0024000000,平成24年
100134,06010000,生産,060120000,プロピレングリコール (12) (t),0022010000,平成22年度
102444,06010000,生産,060120000,プロピレングリコール (12) (t),0023010000,平成23年度
28807,06010000,生産,060120000,プロピレングリコール (12) (t),0024000103,平成24年 1 ～ 3 月
15549,06010000,生産,060120000,プロピレングリコール (12) (t),0024000406,平成24年 4 ～ 6 月
18491,06010000,生産,060120000,プロピレングリコール (12) (t),0024000709,平成24年 7 ～ 9 月
16372,06010000,生産,060120000,プロピレングリコール (12) (t),0024001012,平成24年 10 ～ 12 月
11622,06010000,生産,060120000,プロピレングリコール (12) (t),0024000101,平成24年1月
9157,06010000,生産,060120000,プロピレングリコール (12) (t),0024000202,平成24年2月
8028,06010000,生産,060120000,プロピレングリコール (12) (t),0024000303,平成24年3月
6746,06010000,生産,060120000,プロピレングリコール (12) (t),0024000404,平成24年4月
4734,06010000,生産,060120000,プロピレングリコール (12) (t),0024000505,平成24年5月
4069,06010000,生産,060120000,プロピレングリコール (12) (t),0024000606,平成24年6月
4028,06010000,生産,060120000,プロピレングリコール (12) (t),0024000707,平成24年7月
4663,06010000,生産,060120000,プロピレングリコール (12) (t),0024000808,平成24年8月
9800,06010000,生産,060120000,プロピレングリコール (12) (t),0024000909,平成24年9月
2830,06010000,生産,060120000,プロピレングリコール (12) (t),0024001010,平成24年10月
4709,06010000,生産,060120000,プロピレングリコール (12) (t),0024001111,平成24年11月
8833,06010000,生産,060120000,プロピレングリコール (12) (t),0024001212,平成24年12月
307602,06010000,生産,060130000,ポリプロピレングリコール (13) (t),0020000000,平成20年
239506,06010000,生産,060130000,ポリプロピレングリコール (13) (t),0021000000,平成21年
284261,06010000,生産,060130000,ポリプロピレングリコール (13) (t),0022000000,平成22年
264569,06010000,生産,060130000,ポリプロピレングリコール (13) (t),0023000000,平成23年
257871,06010000,生産,060130000,ポリプロピレングリコール (13) (t),0024000000,平成24年
282422,06010000,生産,060130000,ポリプロピレングリコール (13) (t),0022010000,平成22年度
264577,06010000,生産,060130000,ポリプロピレングリコール (13) (t),0023010000,平成23年度
70352,06010000,生産,060130000,ポリプロピレングリコール (13) (t),0024000103,平成24年 1 ～ 3 月
63992,06010000,生産,060130000,ポリプロピレングリコール (13) (t),0024000406,平成24年 4 ～ 6 月
59837,06010000,生産,060130000,ポリプロピレングリコール (13) (t),0024000709,平成24年 7 ～ 9 月
63690,06010000,生産,060130000,ポリプロピレングリコール (13) (t),0024001012,平成24年 10 ～ 12 月
20996,06010000,生産,060130000,ポリプロピレングリコール (13) (t),0024000101,平成24年1月
24042,06010000,生産,060130000,ポリプロピレングリコール (13) (t),0024000202,平成24年2月
25314,06010000,生産,060130000,ポリプロピレングリコール (13) (t),0024000303,平成24年3月
25671,06010000,生産,060130000,ポリプロピレングリコール (13) (t),0024000404,平成24年4月
18388,06010000,生産,060130000,ポリプロピレングリコール (13) (t),0024000505,平成24年5月
19933,06010000,生産,060130000,ポリプロピレングリコール (13) (t),0024000606,平成24年6月
19989,06010000,生産,060130000,ポリプロピレングリコール (13) (t),0024000707,平成24年7月
18575,06010000,生産,060130000,ポリプロピレングリコール (13) (t),0024000808,平成24年8月
21273,06010000,生産,060130000,ポリプロピレングリコール (13) (t),0024000909,平成24年9月
21349,06010000,生産,060130000,ポリプロピレングリコール (13) (t),0024001010,平成24年10月
21996,06010000,生産,060130000,ポリプロピレングリコール (13) (t),0024001111,平成24年11月
20345,06010000,生産,060130000,ポリプロピレングリコール (13) (t),0024001212,平成24年12月
106943,06010000,生産,060140000,エピクロルヒドリン (14) (t),0020000000,平成20年
75295,06010000,生産,060140000,エピクロルヒドリン (14) (t),0021000000,平成21年
108751,06010000,生産,060140000,エピクロルヒドリン (14) (t),0022000000,平成22年
103122,06010000,生産,060140000,エピクロルヒドリン (14) (t),0023000000,平成23年
108360,06010000,生産,060140000,エピクロルヒドリン (14) (t),0024000000,平成24年
110353,06010000,生産,060140000,エピクロルヒドリン (14) (t),0022010000,平成22年度
103517,06010000,生産,060140000,エピクロルヒドリン (14) (t),0023010000,平成23年度
26067,06010000,生産,060140000,エピクロルヒドリン (14) (t),0024000103,平成24年 1 ～ 3 月
25997,06010000,生産,060140000,エピクロルヒドリン (14) (t),0024000406,平成24年 4 ～ 6 月
28807,06010000,生産,060140000,エピクロルヒドリン (14) (t),0024000709,平成24年 7 ～ 9 月
27489,06010000,生産,060140000,エピクロルヒドリン (14) (t),0024001012,平成24年 10 ～ 12 月
9318,06010000,生産,060140000,エピクロルヒドリン (14) (t),0024000101,平成24年1月
9475,06010000,生産,060140000,エピクロルヒドリン (14) (t),0024000202,平成24年2月
7274,06010000,生産,060140000,エピクロルヒドリン (14) (t),0024000303,平成24年3月
9278,06010000,生産,060140000,エピクロルヒドリン (14) (t),0024000404,平成24年4月
9039,06010000,生産,060140000,エピクロルヒドリン (14) (t),0024000505,平成24年5月
7680,06010000,生産,060140000,エピクロルヒドリン (14) (t),0024000606,平成24年6月
8872,06010000,生産,060140000,エピクロルヒドリン (14) (t),0024000707,平成24年7月
10934,06010000,生産,060140000,エピクロルヒドリン (14) (t),0024000808,平成24年8月
9001,06010000,生産,060140000,エピクロルヒドリン (14) (t),0024000909,平成24年9月
9467,06010000,生産,060140000,エピクロルヒドリン (14) (t),0024001010,平成24年10月
9107,06010000,生産,060140000,エピクロルヒドリン (14) (t),0024001111,平成24年11月
8915,06010000,生産,060140000,エピクロルヒドリン (14) (t),0024001212,平成24年12月
152062,06010000,生産,060150000,イソプロピルアルコール (15) (t),0020000000,平成20年
160019,06010000,生産,060150000,イソプロピルアルコール (15) (t),0021000000,平成21年
178977,06010000,生産,060150000,イソプロピルアルコール (15) (t),0022000000,平成22年
168954,06010000,生産,060150000,イソプロピルアルコール (15) (t),0023000000,平成23年
152022,06010000,生産,060150000,イソプロピルアルコール (15) (t),0024000000,平成24年
174321,06010000,生産,060150000,イソプロピルアルコール (15) (t),0022010000,平成22年度
166388,06010000,生産,060150000,イソプロピルアルコール (15) (t),0023010000,平成23年度
40121,06010000,生産,060150000,イソプロピルアルコール (15) (t),0024000103,平成24年 1 ～ 3 月
35674,06010000,生産,060150000,イソプロピルアルコール (15) (t),0024000406,平成24年 4 ～ 6 月
34170,06010000,生産,060150000,イソプロピルアルコール (15) (t),0024000709,平成24年 7 ～ 9 月
42057,06010000,生産,060150000,イソプロピルアルコール (15) (t),0024001012,平成24年 10 ～ 12 月
11603,06010000,生産,060150000,イソプロピルアルコール (15) (t),0024000101,平成24年1月
12056,06010000,生産,060150000,イソプロピルアルコール (15) (t),0024000202,平成24年2月
16462,06010000,生産,060150000,イソプロピルアルコール (15) (t),0024000303,平成24年3月
11335,06010000,生産,060150000,イソプロピルアルコール (15) (t),0024000404,平成24年4月
11329,06010000,生産,060150000,イソプロピルアルコール (15) (t),0024000505,平成24年5月
13010,06010000,生産,060150000,イソプロピルアルコール (15) (t),0024000606,平成24年6月
14600,06010000,生産,060150000,イソプロピルアルコール (15) (t),0024000707,平成24年7月
10476,06010000,生産,060150000,イソプロピルアルコール (15) (t),0024000808,平成24年8月
9094,06010000,生産,060150000,イソプロピルアルコール (15) (t),0024000909,平成24年9月
11855,06010000,生産,060150000,イソプロピルアルコール (15) (t),0024001010,平成24年10月
14195,06010000,生産,060150000,イソプロピルアルコール (15) (t),0024001111,平成24年11月
16007,06010000,生産,060150000,イソプロピルアルコール (15) (t),0024001212,平成24年12月
490921,06010000,生産,060160000,合成アセトン (16) (t),0020000000,平成20年
476526,06010000,生産,060160000,合成アセトン (16) (t),0021000000,平成21年
521053,06010000,生産,060160000,合成アセトン (16) (t),0022000000,平成22年
470904,06010000,生産,060160000,合成アセトン (16) (t),0023000000,平成23年
469654,06010000,生産,060160000,合成アセトン (16) (t),0024000000,平成24年
511778,06010000,生産,060160000,合成アセトン (16) (t),0022010000,平成22年度
471358,06010000,生産,060160000,合成アセトン (16) (t),0023010000,平成23年度
133337,06010000,生産,060160000,合成アセトン (16) (t),0024000103,平成24年 1 ～ 3 月
107794,06010000,生産,060160000,合成アセトン (16) (t),0024000406,平成24年 4 ～ 6 月
117602,06010000,生産,060160000,合成アセトン (16) (t),0024000709,平成24年 7 ～ 9 月
110921,06010000,生産,060160000,合成アセトン (16) (t),0024001012,平成24年 10 ～ 12 月
40477,06010000,生産,060160000,合成アセトン (16) (t),0024000101,平成24年1月
46697,06010000,生産,060160000,合成アセトン (16) (t),0024000202,平成24年2月
46163,06010000,生産,060160000,合成アセトン (16) (t),0024000303,平成24年3月
43303,06010000,生産,060160000,合成アセトン (16) (t),0024000404,平成24年4月
37486,06010000,生産,060160000,合成アセトン (16) (t),0024000505,平成24年5月
27005,06010000,生産,060160000,合成アセトン (16) (t),0024000606,平成24年6月
31931,06010000,生産,060160000,合成アセトン (16) (t),0024000707,平成24年7月
44302,06010000,生産,060160000,合成アセトン (16) (t),0024000808,平成24年8月
41369,06010000,生産,060160000,合成アセトン (16) (t),0024000909,平成24年9月
39910,06010000,生産,060160000,合成アセトン (16) (t),0024001010,平成24年10月
31461,06010000,生産,060160000,合成アセトン (16) (t),0024001111,平成24年11月
39550,06010000,生産,060160000,合成アセトン (16) (t),0024001212,平成24年12月
59331,06010000,生産,060170000,メチルイソブチルケトン (17) (t),0020000000,平成20年
53127,06010000,生産,060170000,メチルイソブチルケトン (17) (t),0021000000,平成21年
60124,06010000,生産,060170000,メチルイソブチルケトン (17) (t),0022000000,平成22年
57442,06010000,生産,060170000,メチルイソブチルケトン (17) (t),0023000000,平成23年
54565,06010000,生産,060170000,メチルイソブチルケトン (17) (t),0024000000,平成24年
58852,06010000,生産,060170000,メチルイソブチルケトン (17) (t),0022010000,平成22年度
58268,06010000,生産,060170000,メチルイソブチルケトン (17) (t),0023010000,平成23年度
16040,06010000,生産,060170000,メチルイソブチルケトン (17) (t),0024000103,平成24年 1 ～ 3 月
8991,06010000,生産,060170000,メチルイソブチルケトン (17) (t),0024000406,平成24年 4 ～ 6 月
16446,06010000,生産,060170000,メチルイソブチルケトン (17) (t),0024000709,平成24年 7 ～ 9 月
13088,06010000,生産,060170000,メチルイソブチルケトン (17) (t),0024001012,平成24年 10 ～ 12 月
6084,06010000,生産,060170000,メチルイソブチルケトン (17) (t),0024000101,平成24年1月
4459,06010000,生産,060170000,メチルイソブチルケトン (17) (t),0024000202,平成24年2月
5497,06010000,生産,060170000,メチルイソブチルケトン (17) (t),0024000303,平成24年3月
4433,06010000,生産,060170000,メチルイソブチルケトン (17) (t),0024000404,平成24年4月
3139,06010000,生産,060170000,メチルイソブチルケトン (17) (t),0024000505,平成24年5月
1419,06010000,生産,060170000,メチルイソブチルケトン (17) (t),0024000606,平成24年6月
4784,06010000,生産,060170000,メチルイソブチルケトン (17) (t),0024000707,平成24年7月
5662,06010000,生産,060170000,メチルイソブチルケトン (17) (t),0024000808,平成24年8月
6000,06010000,生産,060170000,メチルイソブチルケトン (17) (t),0024000909,平成24年9月
2756,06010000,生産,060170000,メチルイソブチルケトン (17) (t),0024001010,平成24年10月
3963,06010000,生産,060170000,メチルイソブチルケトン (17) (t),0024001111,平成24年11月
6369,06010000,生産,060170000,メチルイソブチルケトン (17) (t),0024001212,平成24年12月
600283,06010000,生産,060180000,アクリロニトリル (18) (t),0020000000,平成20年
601700,06010000,生産,060180000,アクリロニトリル (18) (t),0021000000,平成21年
662998,06010000,生産,060180000,アクリロニトリル (18) (t),0022000000,平成22年
732834,06010000,生産,060180000,アクリロニトリル (18) (t),0023000000,平成23年
553908,06010000,生産,060180000,アクリロニトリル (18) (t),0024000000,平成24年
717975,06010000,生産,060180000,アクリロニトリル (18) (t),0022010000,平成22年度
665100,06010000,生産,060180000,アクリロニトリル (18) (t),0023010000,平成23年度
126278,06010000,生産,060180000,アクリロニトリル (18) (t),0024000103,平成24年 1 ～ 3 月
165556,06010000,生産,060180000,アクリロニトリル (18) (t),0024000406,平成24年 4 ～ 6 月
135828,06010000,生産,060180000,アクリロニトリル (18) (t),0024000709,平成24年 7 ～ 9 月
126246,06010000,生産,060180000,アクリロニトリル (18) (t),0024001012,平成24年 10 ～ 12 月
48626,06010000,生産,060180000,アクリロニトリル (18) (t),0024000101,平成24年1月
47803,06010000,生産,060180000,アクリロニトリル (18) (t),0024000202,平成24年2月
29849,06010000,生産,060180000,アクリロニトリル (18) (t),0024000303,平成24年3月
48777,06010000,生産,060180000,アクリロニトリル (18) (t),0024000404,平成24年4月
64113,06010000,生産,060180000,アクリロニトリル (18) (t),0024000505,平成24年5月
52666,06010000,生産,060180000,アクリロニトリル (18) (t),0024000606,平成24年6月
49105,06010000,生産,060180000,アクリロニトリル (18) (t),0024000707,平成24年7月
47810,06010000,生産,060180000,アクリロニトリル (18) (t),0024000808,平成24年8月
38913,06010000,生産,060180000,アクリロニトリル (18) (t),0024000909,平成24年9月
38028,06010000,生産,060180000,アクリロニトリル (18) (t),0024001010,平成24年10月
39599,06010000,生産,060180000,アクリロニトリル (18) (t),0024001111,平成24年11月
48619,06010000,生産,060180000,アクリロニトリル (18) (t),0024001212,平成24年12月
221190,06010000,生産,060190000,アクリル酸エステル (19) (t),0020000000,平成20年
202284,06010000,生産,060190000,アクリル酸エステル (19) (t),0021000000,平成21年
232409,06010000,生産,060190000,アクリル酸エステル (19) (t),0022000000,平成22年
219660,06010000,生産,060190000,アクリル酸エステル (19) (t),0023000000,平成23年
183865,06010000,生産,060190000,アクリル酸エステル (19) (t),0024000000,平成24年
233553,06010000,生産,060190000,アクリル酸エステル (19) (t),0022010000,平成22年度
214529,06010000,生産,060190000,アクリル酸エステル (19) (t),0023010000,平成23年度
52564,06010000,生産,060190000,アクリル酸エステル (19) (t),0024000103,平成24年 1 ～ 3 月
50747,06010000,生産,060190000,アクリル酸エステル (19) (t),0024000406,平成24年 4 ～ 6 月
50636,06010000,生産,060190000,アクリル酸エステル (19) (t),0024000709,平成24年 7 ～ 9 月
29918,06010000,生産,060190000,アクリル酸エステル (19) (t),0024001012,平成24年 10 ～ 12 月
16972,06010000,生産,060190000,アクリル酸エステル (19) (t),0024000101,平成24年1月
16114,06010000,生産,060190000,アクリル酸エステル (19) (t),0024000202,平成24年2月
19478,06010000,生産,060190000,アクリル酸エステル (19) (t),0024000303,平成24年3月
16078,06010000,生産,060190000,アクリル酸エステル (19) (t),0024000404,平成24年4月
18980,06010000,生産,060190000,アクリル酸エステル (19) (t),0024000505,平成24年5月
15689,06010000,生産,060190000,アクリル酸エステル (19) (t),0024000606,平成24年6月
20852,06010000,生産,060190000,アクリル酸エステル (19) (t),0024000707,平成24年7月
19265,06010000,生産,060190000,アクリル酸エステル (19) (t),0024000808,平成24年8月
10519,06010000,生産,060190000,アクリル酸エステル (19) (t),0024000909,平成24年9月
11251,06010000,生産,060190000,アクリル酸エステル (19) (t),0024001010,平成24年10月
8286,06010000,生産,060190000,アクリル酸エステル (19) (t),0024001111,平成24年11月
10381,06010000,生産,060190000,アクリル酸エステル (19) (t),0024001212,平成24年12月
259176,06010000,生産,060200000,合成オクタノール (20) (t),0020000000,平成20年
267086,06010000,生産,060200000,合成オクタノール (20) (t),0021000000,平成21年
286486,06010000,生産,060200000,合成オクタノール (20) (t),0022000000,平成22年
258519,06010000,生産,060200000,合成オクタノール (20) (t),0023000000,平成23年
249207,06010000,生産,060200000,合成オクタノール (20) (t),0024000000,平成24年
291648,06010000,生産,060200000,合成オクタノール (20) (t),0022010000,平成22年度
249849,06010000,生産,060200000,合成オクタノール (20) (t),0023010000,平成23年度
63011,06010000,生産,060200000,合成オクタノール (20) (t),0024000103,平成24年 1 ～ 3 月
47955,06010000,生産,060200000,合成オクタノール (20) (t),0024000406,平成24年 4 ～ 6 月
71295,06010000,生産,060200000,合成オクタノール (20) (t),0024000709,平成24年 7 ～ 9 月
66946,06010000,生産,060200000,合成オクタノール (20) (t),0024001012,平成24年 10 ～ 12 月
22054,06010000,生産,060200000,合成オクタノール (20) (t),0024000101,平成24年1月
21539,06010000,生産,060200000,合成オクタノール (20) (t),0024000202,平成24年2月
19418,06010000,生産,060200000,合成オクタノール (20) (t),0024000303,平成24年3月
12557,06010000,生産,060200000,合成オクタノール (20) (t),0024000404,平成24年4月
16876,06010000,生産,060200000,合成オクタノール (20) (t),0024000505,平成24年5月
18522,06010000,生産,060200000,合成オクタノール (20) (t),0024000606,平成24年6月
21258,06010000,生産,060200000,合成オクタノール (20) (t),0024000707,平成24年7月
23734,06010000,生産,060200000,合成オクタノール (20) (t),0024000808,平成24年8月
26303,06010000,生産,060200000,合成オクタノール (20) (t),0024000909,平成24年9月
22824,06010000,生産,060200000,合成オクタノール (20) (t),0024001010,平成24年10月
21208,06010000,生産,060200000,合成オクタノール (20) (t),0024001111,平成24年11月
22914,06010000,生産,060200000,合成オクタノール (20) (t),0024001212,平成24年12月
482244,06010000,生産,060210000,合成ブタノール (21) (t),0020000000,平成20年
435659,06010000,生産,060210000,合成ブタノール (21) (t),0021000000,平成21年
520167,06010000,生産,060210000,合成ブタノール (21) (t),0022000000,平成22年
340814,06010000,生産,060210000,合成ブタノール (21) (t),0023000000,平成23年
342443,06010000,生産,060210000,合成ブタノール (21) (t),0024000000,平成24年
506809,06010000,生産,060210000,合成ブタノール (21) (t),0022010000,平成22年度
282510,06010000,生産,060210000,合成ブタノール (21) (t),0023010000,平成23年度
67099,06010000,生産,060210000,合成ブタノール (21) (t),0024000103,平成24年 1 ～ 3 月
77952,06010000,生産,060210000,合成ブタノール (21) (t),0024000406,平成24年 4 ～ 6 月
98967,06010000,生産,060210000,合成ブタノール (21) (t),0024000709,平成24年 7 ～ 9 月
98425,06010000,生産,060210000,合成ブタノール (21) (t),0024001012,平成24年 10 ～ 12 月
22340,06010000,生産,060210000,合成ブタノール (21) (t),0024000101,平成24年1月
24766,06010000,生産,060210000,合成ブタノール (21) (t),0024000202,平成24年2月
19993,06010000,生産,060210000,合成ブタノール (21) (t),0024000303,平成24年3月
25960,06010000,生産,060210000,合成ブタノール (21) (t),0024000404,平成24年4月
27287,06010000,生産,060210000,合成ブタノール (21) (t),0024000505,平成24年5月
24705,06010000,生産,060210000,合成ブタノール (21) (t),0024000606,平成24年6月
33378,06010000,生産,060210000,合成ブタノール (21) (t),0024000707,平成24年7月
32999,06010000,生産,060210000,合成ブタノール (21) (t),0024000808,平成24年8月
32590,06010000,生産,060210000,合成ブタノール (21) (t),0024000909,平成24年9月
34507,06010000,生産,060210000,合成ブタノール (21) (t),0024001010,平成24年10月
29430,06010000,生産,060210000,合成ブタノール (21) (t),0024001111,平成24年11月
34488,06010000,生産,060210000,合成ブタノール (21) (t),0024001212,平成24年12月
261847,06010000,生産,060220000,メチルエチルケトン (22) (t),0020000000,平成20年
250200,06010000,生産,060220000,メチルエチルケトン (22) (t),0021000000,平成21年
265765,06010000,生産,060220000,メチルエチルケトン (22) (t),0022000000,平成22年
157959,06010000,生産,060220000,メチルエチルケトン (22) (t),0023000000,平成23年
169864,06010000,生産,060220000,メチルエチルケトン (22) (t),0024000000,平成24年
255763,06010000,生産,060220000,メチルエチルケトン (22) (t),0022010000,平成22年度
124129,06010000,生産,060220000,メチルエチルケトン (22) (t),0023010000,平成23年度
32081,06010000,生産,060220000,メチルエチルケトン (22) (t),0024000103,平成24年 1 ～ 3 月
41799,06010000,生産,060220000,メチルエチルケトン (22) (t),0024000406,平成24年 4 ～ 6 月
49751,06010000,生産,060220000,メチルエチルケトン (22) (t),0024000709,平成24年 7 ～ 9 月
46233,06010000,生産,060220000,メチルエチルケトン (22) (t),0024001012,平成24年 10 ～ 12 月
9441,06010000,生産,060220000,メチルエチルケトン (22) (t),0024000101,平成24年1月
10807,06010000,生産,060220000,メチルエチルケトン (22) (t),0024000202,平成24年2月
11833,06010000,生産,060220000,メチルエチルケトン (22) (t),0024000303,平成24年3月
14976,06010000,生産,060220000,メチルエチルケトン (22) (t),0024000404,平成24年4月
14485,06010000,生産,060220000,メチルエチルケトン (22) (t),0024000505,平成24年5月
12338,06010000,生産,060220000,メチルエチルケトン (22) (t),0024000606,平成24年6月
16558,06010000,生産,060220000,メチルエチルケトン (22) (t),0024000707,平成24年7月
17409,06010000,生産,060220000,メチルエチルケトン (22) (t),0024000808,平成24年8月
15784,06010000,生産,060220000,メチルエチルケトン (22) (t),0024000909,平成24年9月
15930,06010000,生産,060220000,メチルエチルケトン (22) (t),0024001010,平成24年10月
12533,06010000,生産,060220000,メチルエチルケトン (22) (t),0024001111,平成24年11月
17770,06010000,生産,060220000,メチルエチルケトン (22) (t),0024001212,平成24年12月
2935059,06010000,生産,060230000,ブタン･ブチレン (23) (t),0020000000,平成20年
2864272,06010000,生産,060230000,ブタン･ブチレン (23) (t),0021000000,平成21年
3034985,06010000,生産,060230000,ブタン･ブチレン (23) (t),0022000000,平成22年
2924669,06010000,生産,060230000,ブタン･ブチレン (23) (t),0023000000,平成23年
2709032,06010000,生産,060230000,ブタン･ブチレン (23) (t),0024000000,平成24年
3046480,06010000,生産,060230000,ブタン･ブチレン (23) (t),0022010000,平成22年度
2841542,06010000,生産,060230000,ブタン･ブチレン (23) (t),0023010000,平成23年度
673651,06010000,生産,060230000,ブタン･ブチレン (23) (t),0024000103,平成24年 1 ～ 3 月
651633,06010000,生産,060230000,ブタン･ブチレン (23) (t),0024000406,平成24年 4 ～ 6 月
702603,06010000,生産,060230000,ブタン･ブチレン (23) (t),0024000709,平成24年 7 ～ 9 月
681145,06010000,生産,060230000,ブタン･ブチレン (23) (t),0024001012,平成24年 10 ～ 12 月
240719,06010000,生産,060230000,ブタン･ブチレン (23) (t),0024000101,平成24年1月
226633,06010000,生産,060230000,ブタン･ブチレン (23) (t),0024000202,平成24年2月
206299,06010000,生産,060230000,ブタン･ブチレン (23) (t),0024000303,平成24年3月
209055,06010000,生産,060230000,ブタン･ブチレン (23) (t),0024000404,平成24年4月
228286,06010000,生産,060230000,ブタン･ブチレン (23) (t),0024000505,平成24年5月
214292,06010000,生産,060230000,ブタン･ブチレン (23) (t),0024000606,平成24年6月
236044,06010000,生産,060230000,ブタン･ブチレン (23) (t),0024000707,平成24年7月
246606,06010000,生産,060230000,ブタン･ブチレン (23) (t),0024000808,平成24年8月
219953,06010000,生産,060230000,ブタン･ブチレン (23) (t),0024000909,平成24年9月
217979,06010000,生産,060230000,ブタン･ブチレン (23) (t),0024001010,平成24年10月
225459,06010000,生産,060230000,ブタン･ブチレン (23) (t),0024001111,平成24年11月
237707,06010000,生産,060230000,ブタン･ブチレン (23) (t),0024001212,平成24年12月
953023,06010000,生産,060240000,ブタジエン (24) (t),0020000000,平成20年
871038,06010000,生産,060240000,ブタジエン (24) (t),0021000000,平成21年
977175,06010000,生産,060240000,ブタジエン (24) (t),0022000000,平成22年
933786,06010000,生産,060240000,ブタジエン (24) (t),0023000000,平成23年
904849,06010000,生産,060240000,ブタジエン (24) (t),0024000000,平成24年
975844,06010000,生産,060240000,ブタジエン (24) (t),0022010000,平成22年度
905702,06010000,生産,060240000,ブタジエン (24) (t),0023010000,平成23年度
214664,06010000,生産,060240000,ブタジエン (24) (t),0024000103,平成24年 1 ～ 3 月
222410,06010000,生産,060240000,ブタジエン (24) (t),0024000406,平成24年 4 ～ 6 月
234718,06010000,生産,060240000,ブタジエン (24) (t),0024000709,平成24年 7 ～ 9 月
233057,06010000,生産,060240000,ブタジエン (24) (t),0024001012,平成24年 10 ～ 12 月
77246,06010000,生産,060240000,ブタジエン (24) (t),0024000101,平成24年1月
73586,06010000,生産,060240000,ブタジエン (24) (t),0024000202,平成24年2月
63832,06010000,生産,060240000,ブタジエン (24) (t),0024000303,平成24年3月
74391,06010000,生産,060240000,ブタジエン (24) (t),0024000404,平成24年4月
75302,06010000,生産,060240000,ブタジエン (24) (t),0024000505,平成24年5月
72717,06010000,生産,060240000,ブタジエン (24) (t),0024000606,平成24年6月
81732,06010000,生産,060240000,ブタジエン (24) (t),0024000707,平成24年7月
82340,06010000,生産,060240000,ブタジエン (24) (t),0024000808,平成24年8月
70646,06010000,生産,060240000,ブタジエン (24) (t),0024000909,平成24年9月
68707,06010000,生産,060240000,ブタジエン (24) (t),0024001010,平成24年10月
77777,06010000,生産,060240000,ブタジエン (24) (t),0024001111,平成24年11月
86573,06010000,生産,060240000,ブタジエン (24) (t),0024001212,平成24年12月
187571,06010000,生産,060250000,ノルマルパラフィン (25) (t),0020000000,平成20年
146549,06010000,生産,060250000,ノルマルパラフィン (25) (t),0021000000,平成21年
161318,06010000,生産,060250000,ノルマルパラフィン (25) (t),0022000000,平成22年
X,06010000,生産,060250000,ノルマルパラフィン (25) (t),0023000000,平成23年
X,06010000,生産,060250000,ノルマルパラフィン (25) (t),0024000000,平成24年
X,06010000,生産,060250000,ノルマルパラフィン (25) (t),0022010000,平成22年度
X,06010000,生産,060250000,ノルマルパラフィン (25) (t),0023010000,平成23年度
X,06010000,生産,060250000,ノルマルパラフィン (25) (t),0024000103,平成24年 1 ～ 3 月
X,06010000,生産,060250000,ノルマルパラフィン (25) (t),0024000406,平成24年 4 ～ 6 月
X,06010000,生産,060250000,ノルマルパラフィン (25) (t),0024000709,平成24年 7 ～ 9 月
X,06010000,生産,060250000,ノルマルパラフィン (25) (t),0024001012,平成24年 10 ～ 12 月
X,06010000,生産,060250000,ノルマルパラフィン (25) (t),0024000101,平成24年1月
X,06010000,生産,060250000,ノルマルパラフィン (25) (t),0024000202,平成24年2月
X,06010000,生産,060250000,ノルマルパラフィン (25) (t),0024000303,平成24年3月
X,06010000,生産,060250000,ノルマルパラフィン (25) (t),0024000404,平成24年4月
X,06010000,生産,060250000,ノルマルパラフィン (25) (t),0024000505,平成24年5月
X,06010000,生産,060250000,ノルマルパラフィン (25) (t),0024000606,平成24年6月
X,06010000,生産,060250000,ノルマルパラフィン (25) (t),0024000707,平成24年7月
X,06010000,生産,060250000,ノルマルパラフィン (25) (t),0024000808,平成24年8月
X,06010000,生産,060250000,ノルマルパラフィン (25) (t),0024000909,平成24年9月
X,06010000,生産,060250000,ノルマルパラフィン (25) (t),0024001010,平成24年10月
X,06010000,生産,060250000,ノルマルパラフィン (25) (t),0024001111,平成24年11月
X,06010000,生産,060250000,ノルマルパラフィン (25) (t),0024001212,平成24年12月
4894501,06010000,生産,060260000,分解ガソリン (26) (t),0020000000,平成20年
4803481,06010000,生産,060260000,分解ガソリン (26) (t),0021000000,平成21年
5273340,06010000,生産,060260000,分解ガソリン (26) (t),0022000000,平成22年
4907631,06010000,生産,060260000,分解ガソリン (26) (t),0023000000,平成23年
4328343,06010000,生産,060260000,分解ガソリン (26) (t),0024000000,平成24年
5294977,06010000,生産,060260000,分解ガソリン (26) (t),0022010000,平成22年度
4634776,06010000,生産,060260000,分解ガソリン (26) (t),0023010000,平成23年度
1068985,06010000,生産,060260000,分解ガソリン (26) (t),0024000103,平成24年 1 ～ 3 月
1009412,06010000,生産,060260000,分解ガソリン (26) (t),0024000406,平成24年 4 ～ 6 月
1126528,06010000,生産,060260000,分解ガソリン (26) (t),0024000709,平成24年 7 ～ 9 月
1123418,06010000,生産,060260000,分解ガソリン (26) (t),0024001012,平成24年 10 ～ 12 月
382343,06010000,生産,060260000,分解ガソリン (26) (t),0024000101,平成24年1月
362232,06010000,生産,060260000,分解ガソリン (26) (t),0024000202,平成24年2月
324410,06010000,生産,060260000,分解ガソリン (26) (t),0024000303,平成24年3月
338123,06010000,生産,060260000,分解ガソリン (26) (t),0024000404,平成24年4月
349217,06010000,生産,060260000,分解ガソリン (26) (t),0024000505,平成24年5月
322072,06010000,生産,060260000,分解ガソリン (26) (t),0024000606,平成24年6月
369123,06010000,生産,060260000,分解ガソリン (26) (t),0024000707,平成24年7月
399792,06010000,生産,060260000,分解ガソリン (26) (t),0024000808,平成24年8月
357613,06010000,生産,060260000,分解ガソリン (26) (t),0024000909,平成24年9月
351464,06010000,生産,060260000,分解ガソリン (26) (t),0024001010,平成24年10月
375925,06010000,生産,060260000,分解ガソリン (26) (t),0024001111,平成24年11月
396029,06010000,生産,060260000,分解ガソリン (26) (t),0024001212,平成24年12月
360243,06010000,生産,060271000,エチルアルコール（95％換算） 計 (27～28) (kl),0020000000,平成20年
398862,06010000,生産,060271000,エチルアルコール（95％換算） 計 (27～28) (kl),0021000000,平成21年
400649,06010000,生産,060271000,エチルアルコール（95％換算） 計 (27～28) (kl),0022000000,平成22年
369164,06010000,生産,060271000,エチルアルコール（95％換算） 計 (27～28) (kl),0023000000,平成23年
378679,06010000,生産,060271000,エチルアルコール（95％換算） 計 (27～28) (kl),0024000000,平成24年
387251,06010000,生産,060271000,エチルアルコール（95％換算） 計 (27～28) (kl),0022010000,平成22年度
369019,06010000,生産,060271000,エチルアルコール（95％換算） 計 (27～28) (kl),0023010000,平成23年度
88113,06010000,生産,060271000,エチルアルコール（95％換算） 計 (27～28) (kl),0024000103,平成24年 1 ～ 3 月
104009,06010000,生産,060271000,エチルアルコール（95％換算） 計 (27～28) (kl),0024000406,平成24年 4 ～ 6 月
81426,06010000,生産,060271000,エチルアルコール（95％換算） 計 (27～28) (kl),0024000709,平成24年 7 ～ 9 月
105131,06010000,生産,060271000,エチルアルコール（95％換算） 計 (27～28) (kl),0024001012,平成24年 10 ～ 12 月
29868,06010000,生産,060271000,エチルアルコール（95％換算） 計 (27～28) (kl),0024000101,平成24年1月
30422,06010000,生産,060271000,エチルアルコール（95％換算） 計 (27～28) (kl),0024000202,平成24年2月
27823,06010000,生産,060271000,エチルアルコール（95％換算） 計 (27～28) (kl),0024000303,平成24年3月
30919,06010000,生産,060271000,エチルアルコール（95％換算） 計 (27～28) (kl),0024000404,平成24年4月
35349,06010000,生産,060271000,エチルアルコール（95％換算） 計 (27～28) (kl),0024000505,平成24年5月
37741,06010000,生産,060271000,エチルアルコール（95％換算） 計 (27～28) (kl),0024000606,平成24年6月
31485,06010000,生産,060271000,エチルアルコール（95％換算） 計 (27～28) (kl),0024000707,平成24年7月
19261,06010000,生産,060271000,エチルアルコール（95％換算） 計 (27～28) (kl),0024000808,平成24年8月
30680,06010000,生産,060271000,エチルアルコール（95％換算） 計 (27～28) (kl),0024000909,平成24年9月
35635,06010000,生産,060271000,エチルアルコール（95％換算） 計 (27～28) (kl),0024001010,平成24年10月
37310,06010000,生産,060271000,エチルアルコール（95％換算） 計 (27～28) (kl),0024001111,平成24年11月
32186,06010000,生産,060271000,エチルアルコール（95％換算） 計 (27～28) (kl),0024001212,平成24年12月
X,06010000,生産,060271100,エチルアルコール（95％換算） 発酵エチルアルコール（95％換算） (27) (kl),0020000000,平成20年
X,06010000,生産,060271100,エチルアルコール（95％換算） 発酵エチルアルコール（95％換算） (27) (kl),0021000000,平成21年
X,06010000,生産,060271100,エチルアルコール（95％換算） 発酵エチルアルコール（95％換算） (27) (kl),0022000000,平成22年
X,06010000,生産,060271100,エチルアルコール（95％換算） 発酵エチルアルコール（95％換算） (27) (kl),0023000000,平成23年
X,06010000,生産,060271100,エチルアルコール（95％換算） 発酵エチルアルコール（95％換算） (27) (kl),0024000000,平成24年
X,06010000,生産,060271100,エチルアルコール（95％換算） 発酵エチルアルコール（95％換算） (27) (kl),0022010000,平成22年度
X,06010000,生産,060271100,エチルアルコール（95％換算） 発酵エチルアルコール（95％換算） (27) (kl),0023010000,平成23年度
X,06010000,生産,060271100,エチルアルコール（95％換算） 発酵エチルアルコール（95％換算） (27) (kl),0024000103,平成24年 1 ～ 3 月
X,06010000,生産,060271100,エチルアルコール（95％換算） 発酵エチルアルコール（95％換算） (27) (kl),0024000406,平成24年 4 ～ 6 月
X,06010000,生産,060271100,エチルアルコール（95％換算） 発酵エチルアルコール（95％換算） (27) (kl),0024000709,平成24年 7 ～ 9 月
X,06010000,生産,060271100,エチルアルコール（95％換算） 発酵エチルアルコール（95％換算） (27) (kl),0024001012,平成24年 10 ～ 12 月
X,06010000,生産,060271100,エチルアルコール（95％換算） 発酵エチルアルコール（95％換算） (27) (kl),0024000101,平成24年1月
X,06010000,生産,060271100,エチルアルコール（95％換算） 発酵エチルアルコール（95％換算） (27) (kl),0024000202,平成24年2月
X,06010000,生産,060271100,エチルアルコール（95％換算） 発酵エチルアルコール（95％換算） (27) (kl),0024000303,平成24年3月
X,06010000,生産,060271100,エチルアルコール（95％換算） 発酵エチルアルコール（95％換算） (27) (kl),0024000404,平成24年4月
X,06010000,生産,060271100,エチルアルコール（95％換算） 発酵エチルアルコール（95％換算） (27) (kl),0024000505,平成24年5月
X,06010000,生産,060271100,エチルアルコール（95％換算） 発酵エチルアルコール（95％換算） (27) (kl),0024000606,平成24年6月
X,06010000,生産,060271100,エチルアルコール（95％換算） 発酵エチルアルコール（95％換算） (27) (kl),0024000707,平成24年7月
X,06010000,生産,060271100,エチルアルコール（95％換算） 発酵エチルアルコール（95％換算） (27) (kl),0024000808,平成24年8月
X,06010000,生産,060271100,エチルアルコール（95％換算） 発酵エチルアルコール（95％換算） (27) (kl),0024000909,平成24年9月
X,06010000,生産,060271100,エチルアルコール（95％換算） 発酵エチルアルコール（95％換算） (27) (kl),0024001010,平成24年10月
X,06010000,生産,060271100,エチルアルコール（95％換算） 発酵エチルアルコール（95％換算） (27) (kl),0024001111,平成24年11月
X,06010000,生産,060271100,エチルアルコール（95％換算） 発酵エチルアルコール（95％換算） (27) (kl),0024001212,平成24年12月
X,06010000,生産,060271200,エチルアルコール（95％換算） エチルアルコール（95％換算） (28) (kl),0020000000,平成20年
X,06010000,生産,060271200,エチルアルコール（95％換算） エチルアルコール（95％換算） (28) (kl),0021000000,平成21年
X,06010000,生産,060271200,エチルアルコール（95％換算） エチルアルコール（95％換算） (28) (kl),0022000000,平成22年
X,06010000,生産,060271200,エチルアルコール（95％換算） エチルアルコール（95％換算） (28) (kl),0023000000,平成23年
X,06010000,生産,060271200,エチルアルコール（95％換算） エチルアルコール（95％換算） (28) (kl),0024000000,平成24年
X,06010000,生産,060271200,エチルアルコール（95％換算） エチルアルコール（95％換算） (28) (kl),0022010000,平成22年度
X,06010000,生産,060271200,エチルアルコール（95％換算） エチルアルコール（95％換算） (28) (kl),0023010000,平成23年度
X,06010000,生産,060271200,エチルアルコール（95％換算） エチルアルコール（95％換算） (28) (kl),0024000103,平成24年 1 ～ 3 月
X,06010000,生産,060271200,エチルアルコール（95％換算） エチルアルコール（95％換算） (28) (kl),0024000406,平成24年 4 ～ 6 月
X,06010000,生産,060271200,エチルアルコール（95％換算） エチルアルコール（95％換算） (28) (kl),0024000709,平成24年 7 ～ 9 月
X,06010000,生産,060271200,エチルアルコール（95％換算） エチルアルコール（95％換算） (28) (kl),0024001012,平成24年 10 ～ 12 月
X,06010000,生産,060271200,エチルアルコール（95％換算） エチルアルコール（95％換算） (28) (kl),0024000101,平成24年1月
X,06010000,生産,060271200,エチルアルコール（95％換算） エチルアルコール（95％換算） (28) (kl),0024000202,平成24年2月
X,06010000,生産,060271200,エチルアルコール（95％換算） エチルアルコール（95％換算） (28) (kl),0024000303,平成24年3月
X,06010000,生産,060271200,エチルアルコール（95％換算） エチルアルコール（95％換算） (28) (kl),0024000404,平成24年4月
X,06010000,生産,060271200,エチルアルコール（95％換算） エチルアルコール（95％換算） (28) (kl),0024000505,平成24年5月
X,06010000,生産,060271200,エチルアルコール（95％換算） エチルアルコール（95％換算） (28) (kl),0024000606,平成24年6月
X,06010000,生産,060271200,エチルアルコール（95％換算） エチルアルコール（95％換算） (28) (kl),0024000707,平成24年7月
X,06010000,生産,060271200,エチルアルコール（95％換算） エチルアルコール（95％換算） (28) (kl),0024000808,平成24年8月
X,06010000,生産,060271200,エチルアルコール（95％換算） エチルアルコール（95％換算） (28) (kl),0024000909,平成24年9月
X,06010000,生産,060271200,エチルアルコール（95％換算） エチルアルコール（95％換算） (28) (kl),0024001010,平成24年10月
X,06010000,生産,060271200,エチルアルコール（95％換算） エチルアルコール（95％換算） (28) (kl),0024001111,平成24年11月
X,06010000,生産,060271200,エチルアルコール（95％換算） エチルアルコール（95％換算） (28) (kl),0024001212,平成24年12月
243102,06010000,生産,060280000,無水酢酸 (29) (t),0020000000,平成20年
188740,06010000,生産,060280000,無水酢酸 (29) (t),0021000000,平成21年
241291,06010000,生産,060280000,無水酢酸 (29) (t),0022000000,平成22年
X,06010000,生産,060280000,無水酢酸 (29) (t),0023000000,平成23年
X,06010000,生産,060280000,無水酢酸 (29) (t),0024000000,平成24年
X,06010000,生産,060280000,無水酢酸 (29) (t),0022010000,平成22年度
X,06010000,生産,060280000,無水酢酸 (29) (t),0023010000,平成23年度
X,06010000,生産,060280000,無水酢酸 (29) (t),0024000103,平成24年 1 ～ 3 月
X,06010000,生産,060280000,無水酢酸 (29) (t),0024000406,平成24年 4 ～ 6 月
X,06010000,生産,060280000,無水酢酸 (29) (t),0024000709,平成24年 7 ～ 9 月
X,06010000,生産,060280000,無水酢酸 (29) (t),0024001012,平成24年 10 ～ 12 月
X,06010000,生産,060280000,無水酢酸 (29) (t),0024000101,平成24年1月
X,06010000,生産,060280000,無水酢酸 (29) (t),0024000202,平成24年2月
X,06010000,生産,060280000,無水酢酸 (29) (t),0024000303,平成24年3月
X,06010000,生産,060280000,無水酢酸 (29) (t),0024000404,平成24年4月
X,06010000,生産,060280000,無水酢酸 (29) (t),0024000505,平成24年5月
X,06010000,生産,060280000,無水酢酸 (29) (t),0024000606,平成24年6月
X,06010000,生産,060280000,無水酢酸 (29) (t),0024000707,平成24年7月
X,06010000,生産,060280000,無水酢酸 (29) (t),0024000808,平成24年8月
X,06010000,生産,060280000,無水酢酸 (29) (t),0024000909,平成24年9月
X,06010000,生産,060280000,無水酢酸 (29) (t),0024001010,平成24年10月
X,06010000,生産,060280000,無水酢酸 (29) (t),0024001111,平成24年11月
X,06010000,生産,060280000,無水酢酸 (29) (t),0024001212,平成24年12月
70693,06010000,生産,060290000,トリクロルエチレン (30) (t),0020000000,平成20年
47533,06010000,生産,060290000,トリクロルエチレン (30) (t),0021000000,平成21年
47745,06010000,生産,060290000,トリクロルエチレン (30) (t),0022000000,平成22年
X,06010000,生産,060290000,トリクロルエチレン (30) (t),0023000000,平成23年
X,06010000,生産,060290000,トリクロルエチレン (30) (t),0024000000,平成24年
X,06010000,生産,060290000,トリクロルエチレン (30) (t),0022010000,平成22年度
X,06010000,生産,060290000,トリクロルエチレン (30) (t),0023010000,平成23年度
X,06010000,生産,060290000,トリクロルエチレン (30) (t),0024000103,平成24年 1 ～ 3 月
X,06010000,生産,060290000,トリクロルエチレン (30) (t),0024000406,平成24年 4 ～ 6 月
X,06010000,生産,060290000,トリクロルエチレン (30) (t),0024000709,平成24年 7 ～ 9 月
X,06010000,生産,060290000,トリクロルエチレン (30) (t),0024001012,平成24年 10 ～ 12 月
X,06010000,生産,060290000,トリクロルエチレン (30) (t),0024000101,平成24年1月
X,06010000,生産,060290000,トリクロルエチレン (30) (t),0024000202,平成24年2月
X,06010000,生産,060290000,トリクロルエチレン (30) (t),0024000303,平成24年3月
X,06010000,生産,060290000,トリクロルエチレン (30) (t),0024000404,平成24年4月
X,06010000,生産,060290000,トリクロルエチレン (30) (t),0024000505,平成24年5月
X,06010000,生産,060290000,トリクロルエチレン (30) (t),0024000606,平成24年6月
X,06010000,生産,060290000,トリクロルエチレン (30) (t),0024000707,平成24年7月
X,06010000,生産,060290000,トリクロルエチレン (30) (t),0024000808,平成24年8月
X,06010000,生産,060290000,トリクロルエチレン (30) (t),0024000909,平成24年9月
X,06010000,生産,060290000,トリクロルエチレン (30) (t),0024001010,平成24年10月
X,06010000,生産,060290000,トリクロルエチレン (30) (t),0024001111,平成24年11月
X,06010000,生産,060290000,トリクロルエチレン (30) (t),0024001212,平成24年12月
1128801,06010000,生産,060300000,ホルマリン (31) (t),0020000000,平成20年
825844,06010000,生産,060300000,ホルマリン (31) (t),0021000000,平成21年
1093732,06010000,生産,060300000,ホルマリン (31) (t),0022000000,平成22年
1031432,06010000,生産,060300000,ホルマリン (31) (t),0023000000,平成23年
999560,06010000,生産,060300000,ホルマリン (31) (t),0024000000,平成24年
1099780,06010000,生産,060300000,ホルマリン (31) (t),0022010000,平成22年度
1002380,06010000,生産,060300000,ホルマリン (31) (t),0023010000,平成23年度
252331,06010000,生産,060300000,ホルマリン (31) (t),0024000103,平成24年 1 ～ 3 月
234475,06010000,生産,060300000,ホルマリン (31) (t),0024000406,平成24年 4 ～ 6 月
276309,06010000,生産,060300000,ホルマリン (31) (t),0024000709,平成24年 7 ～ 9 月
236445,06010000,生産,060300000,ホルマリン (31) (t),0024001012,平成24年 10 ～ 12 月
86864,06010000,生産,060300000,ホルマリン (31) (t),0024000101,平成24年1月
83887,06010000,生産,060300000,ホルマリン (31) (t),0024000202,平成24年2月
81580,06010000,生産,060300000,ホルマリン (31) (t),0024000303,平成24年3月
85482,06010000,生産,060300000,ホルマリン (31) (t),0024000404,平成24年4月
74984,06010000,生産,060300000,ホルマリン (31) (t),0024000505,平成24年5月
74009,06010000,生産,060300000,ホルマリン (31) (t),0024000606,平成24年6月
100460,06010000,生産,060300000,ホルマリン (31) (t),0024000707,平成24年7月
90157,06010000,生産,060300000,ホルマリン (31) (t),0024000808,平成24年8月
85692,06010000,生産,060300000,ホルマリン (31) (t),0024000909,平成24年9月
62252,06010000,生産,060300000,ホルマリン (31) (t),0024001010,平成24年10月
85344,06010000,生産,060300000,ホルマリン (31) (t),0024001111,平成24年11月
88849,06010000,生産,060300000,ホルマリン (31) (t),0024001212,平成24年12月
167222,06010000,生産,060310000,塩化メチル (32) (t),0020000000,平成20年
140338,06010000,生産,060310000,塩化メチル (32) (t),0021000000,平成21年
197213,06010000,生産,060310000,塩化メチル (32) (t),0022000000,平成22年
170661,06010000,生産,060310000,塩化メチル (32) (t),0023000000,平成23年
133193,06010000,生産,060310000,塩化メチル (32) (t),0024000000,平成24年
200250,06010000,生産,060310000,塩化メチル (32) (t),0022010000,平成22年度
161621,06010000,生産,060310000,塩化メチル (32) (t),0023010000,平成23年度
41724,06010000,生産,060310000,塩化メチル (32) (t),0024000103,平成24年 1 ～ 3 月
30692,06010000,生産,060310000,塩化メチル (32) (t),0024000406,平成24年 4 ～ 6 月
30864,06010000,生産,060310000,塩化メチル (32) (t),0024000709,平成24年 7 ～ 9 月
29913,06010000,生産,060310000,塩化メチル (32) (t),0024001012,平成24年 10 ～ 12 月
12982,06010000,生産,060310000,塩化メチル (32) (t),0024000101,平成24年1月
14245,06010000,生産,060310000,塩化メチル (32) (t),0024000202,平成24年2月
14497,06010000,生産,060310000,塩化メチル (32) (t),0024000303,平成24年3月
6578,06010000,生産,060310000,塩化メチル (32) (t),0024000404,平成24年4月
12172,06010000,生産,060310000,塩化メチル (32) (t),0024000505,平成24年5月
11942,06010000,生産,060310000,塩化メチル (32) (t),0024000606,平成24年6月
10057,06010000,生産,060310000,塩化メチル (32) (t),0024000707,平成24年7月
9602,06010000,生産,060310000,塩化メチル (32) (t),0024000808,平成24年8月
11205,06010000,生産,060310000,塩化メチル (32) (t),0024000909,平成24年9月
10632,06010000,生産,060310000,塩化メチル (32) (t),0024001010,平成24年10月
10261,06010000,生産,060310000,塩化メチル (32) (t),0024001111,平成24年11月
9020,06010000,生産,060310000,塩化メチル (32) (t),0024001212,平成24年12月
55849,06010000,生産,060320000,塩化メチレン (33) (t),0020000000,平成20年
44830,06010000,生産,060320000,塩化メチレン (33) (t),0021000000,平成21年
48001,06010000,生産,060320000,塩化メチレン (33) (t),0022000000,平成22年
56309,06010000,生産,060320000,塩化メチレン (33) (t),0023000000,平成23年
51952,06010000,生産,060320000,塩化メチレン (33) (t),0024000000,平成24年
51512,06010000,生産,060320000,塩化メチレン (33) (t),0022010000,平成22年度
55393,06010000,生産,060320000,塩化メチレン (33) (t),0023010000,平成23年度
13972,06010000,生産,060320000,塩化メチレン (33) (t),0024000103,平成24年 1 ～ 3 月
13963,06010000,生産,060320000,塩化メチレン (33) (t),0024000406,平成24年 4 ～ 6 月
12567,06010000,生産,060320000,塩化メチレン (33) (t),0024000709,平成24年 7 ～ 9 月
11450,06010000,生産,060320000,塩化メチレン (33) (t),0024001012,平成24年 10 ～ 12 月
4605,06010000,生産,060320000,塩化メチレン (33) (t),0024000101,平成24年1月
4643,06010000,生産,060320000,塩化メチレン (33) (t),0024000202,平成24年2月
4724,06010000,生産,060320000,塩化メチレン (33) (t),0024000303,平成24年3月
5194,06010000,生産,060320000,塩化メチレン (33) (t),0024000404,平成24年4月
4428,06010000,生産,060320000,塩化メチレン (33) (t),0024000505,平成24年5月
4341,06010000,生産,060320000,塩化メチレン (33) (t),0024000606,平成24年6月
4309,06010000,生産,060320000,塩化メチレン (33) (t),0024000707,平成24年7月
4354,06010000,生産,060320000,塩化メチレン (33) (t),0024000808,平成24年8月
3904,06010000,生産,060320000,塩化メチレン (33) (t),0024000909,平成24年9月
2702,06010000,生産,060320000,塩化メチレン (33) (t),0024001010,平成24年10月
4682,06010000,生産,060320000,塩化メチレン (33) (t),0024001111,平成24年11月
4066,06010000,生産,060320000,塩化メチレン (33) (t),0024001212,平成24年12月
95378,06010000,生産,060330000,無水マレイン酸 (34) (t),0020000000,平成20年
79183,06010000,生産,060330000,無水マレイン酸 (34) (t),0021000000,平成21年
91919,06010000,生産,060330000,無水マレイン酸 (34) (t),0022000000,平成22年
88734,06010000,生産,060330000,無水マレイン酸 (34) (t),0023000000,平成23年
75949,06010000,生産,060330000,無水マレイン酸 (34) (t),0024000000,平成24年
92551,06010000,生産,060330000,無水マレイン酸 (34) (t),0022010000,平成22年度
87548,06010000,生産,060330000,無水マレイン酸 (34) (t),0023010000,平成23年度
22942,06010000,生産,060330000,無水マレイン酸 (34) (t),0024000103,平成24年 1 ～ 3 月
18955,06010000,生産,060330000,無水マレイン酸 (34) (t),0024000406,平成24年 4 ～ 6 月
18888,06010000,生産,060330000,無水マレイン酸 (34) (t),0024000709,平成24年 7 ～ 9 月
15164,06010000,生産,060330000,無水マレイン酸 (34) (t),0024001012,平成24年 10 ～ 12 月
8164,06010000,生産,060330000,無水マレイン酸 (34) (t),0024000101,平成24年1月
7557,06010000,生産,060330000,無水マレイン酸 (34) (t),0024000202,平成24年2月
7221,06010000,生産,060330000,無水マレイン酸 (34) (t),0024000303,平成24年3月
6244,06010000,生産,060330000,無水マレイン酸 (34) (t),0024000404,平成24年4月
6975,06010000,生産,060330000,無水マレイン酸 (34) (t),0024000505,平成24年5月
5736,06010000,生産,060330000,無水マレイン酸 (34) (t),0024000606,平成24年6月
5677,06010000,生産,060330000,無水マレイン酸 (34) (t),0024000707,平成24年7月
7227,06010000,生産,060330000,無水マレイン酸 (34) (t),0024000808,平成24年8月
5984,06010000,生産,060330000,無水マレイン酸 (34) (t),0024000909,平成24年9月
4764,06010000,生産,060330000,無水マレイン酸 (34) (t),0024001010,平成24年10月
4801,06010000,生産,060330000,無水マレイン酸 (34) (t),0024001111,平成24年11月
5599,06010000,生産,060330000,無水マレイン酸 (34) (t),0024001212,平成24年12月
80626,06010000,生産,060340000,メラミン (35) (t),0020000000,平成20年
62946,06010000,生産,060340000,メラミン (35) (t),0021000000,平成21年
72309,06010000,生産,060340000,メラミン (35) (t),0022000000,平成22年
X,06010000,生産,060340000,メラミン (35) (t),0023000000,平成23年
X,06010000,生産,060340000,メラミン (35) (t),0024000000,平成24年
X,06010000,生産,060340000,メラミン (35) (t),0022010000,平成22年度
X,06010000,生産,060340000,メラミン (35) (t),0023010000,平成23年度
X,06010000,生産,060340000,メラミン (35) (t),0024000103,平成24年 1 ～ 3 月
X,06010000,生産,060340000,メラミン (35) (t),0024000406,平成24年 4 ～ 6 月
X,06010000,生産,060340000,メラミン (35) (t),0024000709,平成24年 7 ～ 9 月
X,06010000,生産,060340000,メラミン (35) (t),0024001012,平成24年 10 ～ 12 月
X,06010000,生産,060340000,メラミン (35) (t),0024000101,平成24年1月
X,06010000,生産,060340000,メラミン (35) (t),0024000202,平成24年2月
X,06010000,生産,060340000,メラミン (35) (t),0024000303,平成24年3月
X,06010000,生産,060340000,メラミン (35) (t),0024000404,平成24年4月
X,06010000,生産,060340000,メラミン (35) (t),0024000505,平成24年5月
X,06010000,生産,060340000,メラミン (35) (t),0024000606,平成24年6月
X,06010000,生産,060340000,メラミン (35) (t),0024000707,平成24年7月
X,06010000,生産,060340000,メラミン (35) (t),0024000808,平成24年8月
X,06010000,生産,060340000,メラミン (35) (t),0024000909,平成24年9月
X,06010000,生産,060340000,メラミン (35) (t),0024001010,平成24年10月
X,06010000,生産,060340000,メラミン (35) (t),0024001111,平成24年11月
X,06010000,生産,060340000,メラミン (35) (t),0024001212,平成24年12月
246397,06010000,生産,060351000,可塑剤 フタル酸系可塑剤 (36) (t),0020000000,平成20年
171764,06010000,生産,060351000,可塑剤 フタル酸系可塑剤 (36) (t),0021000000,平成21年
212035,06010000,生産,060351000,可塑剤 フタル酸系可塑剤 (36) (t),0022000000,平成22年
193939,06010000,生産,060351000,可塑剤 フタル酸系可塑剤 (36) (t),0023000000,平成23年
190632,06010000,生産,060351000,可塑剤 フタル酸系可塑剤 (36) (t),0024000000,平成24年
217504,06010000,生産,060351000,可塑剤 フタル酸系可塑剤 (36) (t),0022010000,平成22年度
190157,06010000,生産,060351000,可塑剤 フタル酸系可塑剤 (36) (t),0023010000,平成23年度
51541,06010000,生産,060351000,可塑剤 フタル酸系可塑剤 (36) (t),0024000103,平成24年 1 ～ 3 月
44095,06010000,生産,060351000,可塑剤 フタル酸系可塑剤 (36) (t),0024000406,平成24年 4 ～ 6 月
47754,06010000,生産,060351000,可塑剤 フタル酸系可塑剤 (36) (t),0024000709,平成24年 7 ～ 9 月
47242,06010000,生産,060351000,可塑剤 フタル酸系可塑剤 (36) (t),0024001012,平成24年 10 ～ 12 月
16938,06010000,生産,060351000,可塑剤 フタル酸系可塑剤 (36) (t),0024000101,平成24年1月
15474,06010000,生産,060351000,可塑剤 フタル酸系可塑剤 (36) (t),0024000202,平成24年2月
19129,06010000,生産,060351000,可塑剤 フタル酸系可塑剤 (36) (t),0024000303,平成24年3月
16796,06010000,生産,060351000,可塑剤 フタル酸系可塑剤 (36) (t),0024000404,平成24年4月
13479,06010000,生産,060351000,可塑剤 フタル酸系可塑剤 (36) (t),0024000505,平成24年5月
13820,06010000,生産,060351000,可塑剤 フタル酸系可塑剤 (36) (t),0024000606,平成24年6月
18232,06010000,生産,060351000,可塑剤 フタル酸系可塑剤 (36) (t),0024000707,平成24年7月
14358,06010000,生産,060351000,可塑剤 フタル酸系可塑剤 (36) (t),0024000808,平成24年8月
15164,06010000,生産,060351000,可塑剤 フタル酸系可塑剤 (36) (t),0024000909,平成24年9月
15906,06010000,生産,060351000,可塑剤 フタル酸系可塑剤 (36) (t),0024001010,平成24年10月
14765,06010000,生産,060351000,可塑剤 フタル酸系可塑剤 (36) (t),0024001111,平成24年11月
16571,06010000,生産,060351000,可塑剤 フタル酸系可塑剤 (36) (t),0024001212,平成24年12月
21622,06010000,生産,060352000,可塑剤 りん酸系可塑剤 (37) (t),0020000000,平成20年
34615,06010000,生産,060352000,可塑剤 りん酸系可塑剤 (37) (t),0021000000,平成21年
42927,06010000,生産,060352000,可塑剤 りん酸系可塑剤 (37) (t),0022000000,平成22年
36624,06010000,生産,060352000,可塑剤 りん酸系可塑剤 (37) (t),0023000000,平成23年
31488,06010000,生産,060352000,可塑剤 りん酸系可塑剤 (37) (t),0024000000,平成24年
41357,06010000,生産,060352000,可塑剤 りん酸系可塑剤 (37) (t),0022010000,平成22年度
36154,06010000,生産,060352000,可塑剤 りん酸系可塑剤 (37) (t),0023010000,平成23年度
8869,06010000,生産,060352000,可塑剤 りん酸系可塑剤 (37) (t),0024000103,平成24年 1 ～ 3 月
10432,06010000,生産,060352000,可塑剤 りん酸系可塑剤 (37) (t),0024000406,平成24年 4 ～ 6 月
6064,06010000,生産,060352000,可塑剤 りん酸系可塑剤 (37) (t),0024000709,平成24年 7 ～ 9 月
6123,06010000,生産,060352000,可塑剤 りん酸系可塑剤 (37) (t),0024001012,平成24年 10 ～ 12 月
2415,06010000,生産,060352000,可塑剤 りん酸系可塑剤 (37) (t),0024000101,平成24年1月
3432,06010000,生産,060352000,可塑剤 りん酸系可塑剤 (37) (t),0024000202,平成24年2月
3022,06010000,生産,060352000,可塑剤 りん酸系可塑剤 (37) (t),0024000303,平成24年3月
3811,06010000,生産,060352000,可塑剤 りん酸系可塑剤 (37) (t),0024000404,平成24年4月
3234,06010000,生産,060352000,可塑剤 りん酸系可塑剤 (37) (t),0024000505,平成24年5月
3387,06010000,生産,060352000,可塑剤 りん酸系可塑剤 (37) (t),0024000606,平成24年6月
2964,06010000,生産,060352000,可塑剤 りん酸系可塑剤 (37) (t),0024000707,平成24年7月
787,06010000,生産,060352000,可塑剤 りん酸系可塑剤 (37) (t),0024000808,平成24年8月
2313,06010000,生産,060352000,可塑剤 りん酸系可塑剤 (37) (t),0024000909,平成24年9月
1848,06010000,生産,060352000,可塑剤 りん酸系可塑剤 (37) (t),0024001010,平成24年10月
2843,06010000,生産,060352000,可塑剤 りん酸系可塑剤 (37) (t),0024001111,平成24年11月
1432,06010000,生産,060352000,可塑剤 りん酸系可塑剤 (37) (t),0024001212,平成24年12月
12728,06010000,生産,060353000,可塑剤 エポキシ系可塑剤 (38) (t),0020000000,平成20年
9652,06010000,生産,060353000,可塑剤 エポキシ系可塑剤 (38) (t),0021000000,平成21年
11509,06010000,生産,060353000,可塑剤 エポキシ系可塑剤 (38) (t),0022000000,平成22年
10238,06010000,生産,060353000,可塑剤 エポキシ系可塑剤 (38) (t),0023000000,平成23年
10332,06010000,生産,060353000,可塑剤 エポキシ系可塑剤 (38) (t),0024000000,平成24年
11297,06010000,生産,060353000,可塑剤 エポキシ系可塑剤 (38) (t),0022010000,平成22年度
10459,06010000,生産,060353000,可塑剤 エポキシ系可塑剤 (38) (t),0023010000,平成23年度
2972,06010000,生産,060353000,可塑剤 エポキシ系可塑剤 (38) (t),0024000103,平成24年 1 ～ 3 月
2507,06010000,生産,060353000,可塑剤 エポキシ系可塑剤 (38) (t),0024000406,平成24年 4 ～ 6 月
2526,06010000,生産,060353000,可塑剤 エポキシ系可塑剤 (38) (t),0024000709,平成24年 7 ～ 9 月
2327,06010000,生産,060353000,可塑剤 エポキシ系可塑剤 (38) (t),0024001012,平成24年 10 ～ 12 月
1113,06010000,生産,060353000,可塑剤 エポキシ系可塑剤 (38) (t),0024000101,平成24年1月
794,06010000,生産,060353000,可塑剤 エポキシ系可塑剤 (38) (t),0024000202,平成24年2月
1065,06010000,生産,060353000,可塑剤 エポキシ系可塑剤 (38) (t),0024000303,平成24年3月
869,06010000,生産,060353000,可塑剤 エポキシ系可塑剤 (38) (t),0024000404,平成24年4月
183,06010000,生産,060353000,可塑剤 エポキシ系可塑剤 (38) (t),0024000505,平成24年5月
1455,06010000,生産,060353000,可塑剤 エポキシ系可塑剤 (38) (t),0024000606,平成24年6月
820,06010000,生産,060353000,可塑剤 エポキシ系可塑剤 (38) (t),0024000707,平成24年7月
421,06010000,生産,060353000,可塑剤 エポキシ系可塑剤 (38) (t),0024000808,平成24年8月
1285,06010000,生産,060353000,可塑剤 エポキシ系可塑剤 (38) (t),0024000909,平成24年9月
195,06010000,生産,060353000,可塑剤 エポキシ系可塑剤 (38) (t),0024001010,平成24年10月
1438,06010000,生産,060353000,可塑剤 エポキシ系可塑剤 (38) (t),0024001111,平成24年11月
694,06010000,生産,060353000,可塑剤 エポキシ系可塑剤 (38) (t),0024001212,平成24年12月
2252780,06020000,受入,060010000,エチレン (1) (t),0020000000,平成20年
2016252,06020000,受入,060010000,エチレン (1) (t),0021000000,平成21年
1939017,06020000,受入,060010000,エチレン (1) (t),0022000000,平成22年
1894705,06020000,受入,060010000,エチレン (1) (t),0023000000,平成23年
1543067,06020000,受入,060010000,エチレン (1) (t),0024000000,平成24年
1900540,06020000,受入,060010000,エチレン (1) (t),0022010000,平成22年度
1732858,06020000,受入,060010000,エチレン (1) (t),0023010000,平成23年度
329969,06020000,受入,060010000,エチレン (1) (t),0024000103,平成24年 1 ～ 3 月
418050,06020000,受入,060010000,エチレン (1) (t),0024000406,平成24年 4 ～ 6 月
390190,06020000,受入,060010000,エチレン (1) (t),0024000709,平成24年 7 ～ 9 月
404858,06020000,受入,060010000,エチレン (1) (t),0024001012,平成24年 10 ～ 12 月
118887,06020000,受入,060010000,エチレン (1) (t),0024000101,平成24年1月
96196,06020000,受入,060010000,エチレン (1) (t),0024000202,平成24年2月
114886,06020000,受入,060010000,エチレン (1) (t),0024000303,平成24年3月
143489,06020000,受入,060010000,エチレン (1) (t),0024000404,平成24年4月
148488,06020000,受入,060010000,エチレン (1) (t),0024000505,平成24年5月
126073,06020000,受入,060010000,エチレン (1) (t),0024000606,平成24年6月
108139,06020000,受入,060010000,エチレン (1) (t),0024000707,平成24年7月
143775,06020000,受入,060010000,エチレン (1) (t),0024000808,平成24年8月
138276,06020000,受入,060010000,エチレン (1) (t),0024000909,平成24年9月
143252,06020000,受入,060010000,エチレン (1) (t),0024001010,平成24年10月
131327,06020000,受入,060010000,エチレン (1) (t),0024001111,平成24年11月
130279,06020000,受入,060010000,エチレン (1) (t),0024001212,平成24年12月
44142,06020000,受入,060020000,酸化エチレン (2) (t),0020000000,平成20年
37215,06020000,受入,060020000,酸化エチレン (2) (t),0021000000,平成21年
39045,06020000,受入,060020000,酸化エチレン (2) (t),0022000000,平成22年
8774,06020000,受入,060020000,酸化エチレン (2) (t),0023000000,平成23年
5913,06020000,受入,060020000,酸化エチレン (2) (t),0024000000,平成24年
34552,06020000,受入,060020000,酸化エチレン (2) (t),0022010000,平成22年度
5257,06020000,受入,060020000,酸化エチレン (2) (t),0023010000,平成23年度
1078,06020000,受入,060020000,酸化エチレン (2) (t),0024000103,平成24年 1 ～ 3 月
2128,06020000,受入,060020000,酸化エチレン (2) (t),0024000406,平成24年 4 ～ 6 月
2260,06020000,受入,060020000,酸化エチレン (2) (t),0024000709,平成24年 7 ～ 9 月
447,06020000,受入,060020000,酸化エチレン (2) (t),0024001012,平成24年 10 ～ 12 月
499,06020000,受入,060020000,酸化エチレン (2) (t),0024000101,平成24年1月
86,06020000,受入,060020000,酸化エチレン (2) (t),0024000202,平成24年2月
493,06020000,受入,060020000,酸化エチレン (2) (t),0024000303,平成24年3月
704,06020000,受入,060020000,酸化エチレン (2) (t),0024000404,平成24年4月
593,06020000,受入,060020000,酸化エチレン (2) (t),0024000505,平成24年5月
831,06020000,受入,060020000,酸化エチレン (2) (t),0024000606,平成24年6月
103,06020000,受入,060020000,酸化エチレン (2) (t),0024000707,平成24年7月
792,06020000,受入,060020000,酸化エチレン (2) (t),0024000808,平成24年8月
1365,06020000,受入,060020000,酸化エチレン (2) (t),0024000909,平成24年9月
111,06020000,受入,060020000,酸化エチレン (2) (t),0024001010,平成24年10月
92,06020000,受入,060020000,酸化エチレン (2) (t),0024001111,平成24年11月
244,06020000,受入,060020000,酸化エチレン (2) (t),0024001212,平成24年12月
92977,06020000,受入,060030000,エチレングリコール (3) (t),0020000000,平成20年
56352,06020000,受入,060030000,エチレングリコール (3) (t),0021000000,平成21年
50756,06020000,受入,060030000,エチレングリコール (3) (t),0022000000,平成22年
26736,06020000,受入,060030000,エチレングリコール (3) (t),0023000000,平成23年
22093,06020000,受入,060030000,エチレングリコール (3) (t),0024000000,平成24年
39721,06020000,受入,060030000,エチレングリコール (3) (t),0022010000,平成22年度
25955,06020000,受入,060030000,エチレングリコール (3) (t),0023010000,平成23年度
3189,06020000,受入,060030000,エチレングリコール (3) (t),0024000103,平成24年 1 ～ 3 月
3451,06020000,受入,060030000,エチレングリコール (3) (t),0024000406,平成24年 4 ～ 6 月
6993,06020000,受入,060030000,エチレングリコール (3) (t),0024000709,平成24年 7 ～ 9 月
8460,06020000,受入,060030000,エチレングリコール (3) (t),0024001012,平成24年 10 ～ 12 月
1703,06020000,受入,060030000,エチレングリコール (3) (t),0024000101,平成24年1月
1328,06020000,受入,060030000,エチレングリコール (3) (t),0024000202,平成24年2月
158,06020000,受入,060030000,エチレングリコール (3) (t),0024000303,平成24年3月
244,06020000,受入,060030000,エチレングリコール (3) (t),0024000404,平成24年4月
1675,06020000,受入,060030000,エチレングリコール (3) (t),0024000505,平成24年5月
1532,06020000,受入,060030000,エチレングリコール (3) (t),0024000606,平成24年6月
3651,06020000,受入,060030000,エチレングリコール (3) (t),0024000707,平成24年7月
2167,06020000,受入,060030000,エチレングリコール (3) (t),0024000808,平成24年8月
1175,06020000,受入,060030000,エチレングリコール (3) (t),0024000909,平成24年9月
3147,06020000,受入,060030000,エチレングリコール (3) (t),0024001010,平成24年10月
3151,06020000,受入,060030000,エチレングリコール (3) (t),0024001111,平成24年11月
2162,06020000,受入,060030000,エチレングリコール (3) (t),0024001212,平成24年12月
56320,06020000,受入,060040000,エチレングリコールエーテル (4) (t),0020000000,平成20年
43383,06020000,受入,060040000,エチレングリコールエーテル (4) (t),0021000000,平成21年
65418,06020000,受入,060040000,エチレングリコールエーテル (4) (t),0022000000,平成22年
23467,06020000,受入,060040000,エチレングリコールエーテル (4) (t),0023000000,平成23年
6978,06020000,受入,060040000,エチレングリコールエーテル (4) (t),0024000000,平成24年
66194,06020000,受入,060040000,エチレングリコールエーテル (4) (t),0022010000,平成22年度
10814,06020000,受入,060040000,エチレングリコールエーテル (4) (t),0023010000,平成23年度
1248,06020000,受入,060040000,エチレングリコールエーテル (4) (t),0024000103,平成24年 1 ～ 3 月
2079,06020000,受入,060040000,エチレングリコールエーテル (4) (t),0024000406,平成24年 4 ～ 6 月
1951,06020000,受入,060040000,エチレングリコールエーテル (4) (t),0024000709,平成24年 7 ～ 9 月
1700,06020000,受入,060040000,エチレングリコールエーテル (4) (t),0024001012,平成24年 10 ～ 12 月
588,06020000,受入,060040000,エチレングリコールエーテル (4) (t),0024000101,平成24年1月
291,06020000,受入,060040000,エチレングリコールエーテル (4) (t),0024000202,平成24年2月
369,06020000,受入,060040000,エチレングリコールエーテル (4) (t),0024000303,平成24年3月
638,06020000,受入,060040000,エチレングリコールエーテル (4) (t),0024000404,平成24年4月
574,06020000,受入,060040000,エチレングリコールエーテル (4) (t),0024000505,平成24年5月
867,06020000,受入,060040000,エチレングリコールエーテル (4) (t),0024000606,平成24年6月
628,06020000,受入,060040000,エチレングリコールエーテル (4) (t),0024000707,平成24年7月
796,06020000,受入,060040000,エチレングリコールエーテル (4) (t),0024000808,平成24年8月
527,06020000,受入,060040000,エチレングリコールエーテル (4) (t),0024000909,平成24年9月
454,06020000,受入,060040000,エチレングリコールエーテル (4) (t),0024001010,平成24年10月
744,06020000,受入,060040000,エチレングリコールエーテル (4) (t),0024001111,平成24年11月
502,06020000,受入,060040000,エチレングリコールエーテル (4) (t),0024001212,平成24年12月
250,06020000,受入,060050000,アセトアルデヒド (5) (t),0020000000,平成20年
1251,06020000,受入,060050000,アセトアルデヒド (5) (t),0021000000,平成21年
1250,06020000,受入,060050000,アセトアルデヒド (5) (t),0022000000,平成22年
630,06020000,受入,060050000,アセトアルデヒド (5) (t),0023000000,平成23年
573,06020000,受入,060050000,アセトアルデヒド (5) (t),0024000000,平成24年
855,06020000,受入,060050000,アセトアルデヒド (5) (t),0022010000,平成22年度
525,06020000,受入,060050000,アセトアルデヒド (5) (t),0023010000,平成23年度
-,06020000,受入,060050000,アセトアルデヒド (5) (t),0024000103,平成24年 1 ～ 3 月
82,06020000,受入,060050000,アセトアルデヒド (5) (t),0024000406,平成24年 4 ～ 6 月
210,06020000,受入,060050000,アセトアルデヒド (5) (t),0024000709,平成24年 7 ～ 9 月
281,06020000,受入,060050000,アセトアルデヒド (5) (t),0024001012,平成24年 10 ～ 12 月
-,06020000,受入,060050000,アセトアルデヒド (5) (t),0024000101,平成24年1月
-,06020000,受入,060050000,アセトアルデヒド (5) (t),0024000202,平成24年2月
-,06020000,受入,060050000,アセトアルデヒド (5) (t),0024000303,平成24年3月
-,06020000,受入,060050000,アセトアルデヒド (5) (t),0024000404,平成24年4月
41,06020000,受入,060050000,アセトアルデヒド (5) (t),0024000505,平成24年5月
41,06020000,受入,060050000,アセトアルデヒド (5) (t),0024000606,平成24年6月
-,06020000,受入,060050000,アセトアルデヒド (5) (t),0024000707,平成24年7月
70,06020000,受入,060050000,アセトアルデヒド (5) (t),0024000808,平成24年8月
140,06020000,受入,060050000,アセトアルデヒド (5) (t),0024000909,平成24年9月
137,06020000,受入,060050000,アセトアルデヒド (5) (t),0024001010,平成24年10月
97,06020000,受入,060050000,アセトアルデヒド (5) (t),0024001111,平成24年11月
47,06020000,受入,060050000,アセトアルデヒド (5) (t),0024001212,平成24年12月
166692,06020000,受入,060060000,酢酸（99%換算） (6) (t),0020000000,平成20年
142412,06020000,受入,060060000,酢酸（99%換算） (6) (t),0021000000,平成21年
180471,06020000,受入,060060000,酢酸（99%換算） (6) (t),0022000000,平成22年
182005,06020000,受入,060060000,酢酸（99%換算） (6) (t),0023000000,平成23年
154134,06020000,受入,060060000,酢酸（99%換算） (6) (t),0024000000,平成24年
184109,06020000,受入,060060000,酢酸（99%換算） (6) (t),0022010000,平成22年度
168385,06020000,受入,060060000,酢酸（99%換算） (6) (t),0023010000,平成23年度
31794,06020000,受入,060060000,酢酸（99%換算） (6) (t),0024000103,平成24年 1 ～ 3 月
34538,06020000,受入,060060000,酢酸（99%換算） (6) (t),0024000406,平成24年 4 ～ 6 月
43576,06020000,受入,060060000,酢酸（99%換算） (6) (t),0024000709,平成24年 7 ～ 9 月
44226,06020000,受入,060060000,酢酸（99%換算） (6) (t),0024001012,平成24年 10 ～ 12 月
13883,06020000,受入,060060000,酢酸（99%換算） (6) (t),0024000101,平成24年1月
8619,06020000,受入,060060000,酢酸（99%換算） (6) (t),0024000202,平成24年2月
9292,06020000,受入,060060000,酢酸（99%換算） (6) (t),0024000303,平成24年3月
9098,06020000,受入,060060000,酢酸（99%換算） (6) (t),0024000404,平成24年4月
11314,06020000,受入,060060000,酢酸（99%換算） (6) (t),0024000505,平成24年5月
14126,06020000,受入,060060000,酢酸（99%換算） (6) (t),0024000606,平成24年6月
13806,06020000,受入,060060000,酢酸（99%換算） (6) (t),0024000707,平成24年7月
15088,06020000,受入,060060000,酢酸（99%換算） (6) (t),0024000808,平成24年8月
14682,06020000,受入,060060000,酢酸（99%換算） (6) (t),0024000909,平成24年9月
11550,06020000,受入,060060000,酢酸（99%換算） (6) (t),0024001010,平成24年10月
14610,06020000,受入,060060000,酢酸（99%換算） (6) (t),0024001111,平成24年11月
18066,06020000,受入,060060000,酢酸（99%換算） (6) (t),0024001212,平成24年12月
9307,06020000,受入,060070000,酢酸エチル (7) (t),0020000000,平成20年
7634,06020000,受入,060070000,酢酸エチル (7) (t),0021000000,平成21年
8050,06020000,受入,060070000,酢酸エチル (7) (t),0022000000,平成22年
X,06020000,受入,060070000,酢酸エチル (7) (t),0023000000,平成23年
X,06020000,受入,060070000,酢酸エチル (7) (t),0024000000,平成24年
X,06020000,受入,060070000,酢酸エチル (7) (t),0022010000,平成22年度
X,06020000,受入,060070000,酢酸エチル (7) (t),0023010000,平成23年度
X,06020000,受入,060070000,酢酸エチル (7) (t),0024000103,平成24年 1 ～ 3 月
X,06020000,受入,060070000,酢酸エチル (7) (t),0024000406,平成24年 4 ～ 6 月
X,06020000,受入,060070000,酢酸エチル (7) (t),0024000709,平成24年 7 ～ 9 月
X,06020000,受入,060070000,酢酸エチル (7) (t),0024001012,平成24年 10 ～ 12 月
X,06020000,受入,060070000,酢酸エチル (7) (t),0024000101,平成24年1月
X,06020000,受入,060070000,酢酸エチル (7) (t),0024000202,平成24年2月
X,06020000,受入,060070000,酢酸エチル (7) (t),0024000303,平成24年3月
X,06020000,受入,060070000,酢酸エチル (7) (t),0024000404,平成24年4月
X,06020000,受入,060070000,酢酸エチル (7) (t),0024000505,平成24年5月
X,06020000,受入,060070000,酢酸エチル (7) (t),0024000606,平成24年6月
X,06020000,受入,060070000,酢酸エチル (7) (t),0024000707,平成24年7月
X,06020000,受入,060070000,酢酸エチル (7) (t),0024000808,平成24年8月
X,06020000,受入,060070000,酢酸エチル (7) (t),0024000909,平成24年9月
X,06020000,受入,060070000,酢酸エチル (7) (t),0024001010,平成24年10月
X,06020000,受入,060070000,酢酸エチル (7) (t),0024001111,平成24年11月
X,06020000,受入,060070000,酢酸エチル (7) (t),0024001212,平成24年12月
-,06020000,受入,060080000,合成高級アルコール（C9以上のもの） (8) (t),0020000000,平成20年
5,06020000,受入,060080000,合成高級アルコール（C9以上のもの） (8) (t),0021000000,平成21年
-,06020000,受入,060080000,合成高級アルコール（C9以上のもの） (8) (t),0022000000,平成22年
X,06020000,受入,060080000,合成高級アルコール（C9以上のもの） (8) (t),0023000000,平成23年
X,06020000,受入,060080000,合成高級アルコール（C9以上のもの） (8) (t),0024000000,平成24年
X,06020000,受入,060080000,合成高級アルコール（C9以上のもの） (8) (t),0022010000,平成22年度
X,06020000,受入,060080000,合成高級アルコール（C9以上のもの） (8) (t),0023010000,平成23年度
X,06020000,受入,060080000,合成高級アルコール（C9以上のもの） (8) (t),0024000103,平成24年 1 ～ 3 月
X,06020000,受入,060080000,合成高級アルコール（C9以上のもの） (8) (t),0024000406,平成24年 4 ～ 6 月
X,06020000,受入,060080000,合成高級アルコール（C9以上のもの） (8) (t),0024000709,平成24年 7 ～ 9 月
X,06020000,受入,060080000,合成高級アルコール（C9以上のもの） (8) (t),0024001012,平成24年 10 ～ 12 月
X,06020000,受入,060080000,合成高級アルコール（C9以上のもの） (8) (t),0024000101,平成24年1月
X,06020000,受入,060080000,合成高級アルコール（C9以上のもの） (8) (t),0024000202,平成24年2月
X,06020000,受入,060080000,合成高級アルコール（C9以上のもの） (8) (t),0024000303,平成24年3月
X,06020000,受入,060080000,合成高級アルコール（C9以上のもの） (8) (t),0024000404,平成24年4月
X,06020000,受入,060080000,合成高級アルコール（C9以上のもの） (8) (t),0024000505,平成24年5月
X,06020000,受入,060080000,合成高級アルコール（C9以上のもの） (8) (t),0024000606,平成24年6月
X,06020000,受入,060080000,合成高級アルコール（C9以上のもの） (8) (t),0024000707,平成24年7月
X,06020000,受入,060080000,合成高級アルコール（C9以上のもの） (8) (t),0024000808,平成24年8月
X,06020000,受入,060080000,合成高級アルコール（C9以上のもの） (8) (t),0024000909,平成24年9月
X,06020000,受入,060080000,合成高級アルコール（C9以上のもの） (8) (t),0024001010,平成24年10月
X,06020000,受入,060080000,合成高級アルコール（C9以上のもの） (8) (t),0024001111,平成24年11月
X,06020000,受入,060080000,合成高級アルコール（C9以上のもの） (8) (t),0024001212,平成24年12月
88048,06020000,受入,060090000,二塩化エチレン (9) (t),0020000000,平成20年
260520,06020000,受入,060090000,二塩化エチレン (9) (t),0021000000,平成21年
230021,06020000,受入,060090000,二塩化エチレン (9) (t),0022000000,平成22年
179294,06020000,受入,060090000,二塩化エチレン (9) (t),0023000000,平成23年
263788,06020000,受入,060090000,二塩化エチレン (9) (t),0024000000,平成24年
206173,06020000,受入,060090000,二塩化エチレン (9) (t),0022010000,平成22年度
190026,06020000,受入,060090000,二塩化エチレン (9) (t),0023010000,平成23年度
62914,06020000,受入,060090000,二塩化エチレン (9) (t),0024000103,平成24年 1 ～ 3 月
51941,06020000,受入,060090000,二塩化エチレン (9) (t),0024000406,平成24年 4 ～ 6 月
69533,06020000,受入,060090000,二塩化エチレン (9) (t),0024000709,平成24年 7 ～ 9 月
79400,06020000,受入,060090000,二塩化エチレン (9) (t),0024001012,平成24年 10 ～ 12 月
19459,06020000,受入,060090000,二塩化エチレン (9) (t),0024000101,平成24年1月
24772,06020000,受入,060090000,二塩化エチレン (9) (t),0024000202,平成24年2月
18683,06020000,受入,060090000,二塩化エチレン (9) (t),0024000303,平成24年3月
23455,06020000,受入,060090000,二塩化エチレン (9) (t),0024000404,平成24年4月
13559,06020000,受入,060090000,二塩化エチレン (9) (t),0024000505,平成24年5月
14927,06020000,受入,060090000,二塩化エチレン (9) (t),0024000606,平成24年6月
25231,06020000,受入,060090000,二塩化エチレン (9) (t),0024000707,平成24年7月
24011,06020000,受入,060090000,二塩化エチレン (9) (t),0024000808,平成24年8月
20291,06020000,受入,060090000,二塩化エチレン (9) (t),0024000909,平成24年9月
31516,06020000,受入,060090000,二塩化エチレン (9) (t),0024001010,平成24年10月
21578,06020000,受入,060090000,二塩化エチレン (9) (t),0024001111,平成24年11月
26306,06020000,受入,060090000,二塩化エチレン (9) (t),0024001212,平成24年12月
2462334,06020000,受入,060100000,プロピレン (10) (t),0020000000,平成20年
2126487,06020000,受入,060100000,プロピレン (10) (t),0021000000,平成21年
2398791,06020000,受入,060100000,プロピレン (10) (t),0022000000,平成22年
2344298,06020000,受入,060100000,プロピレン (10) (t),0023000000,平成23年
2184220,06020000,受入,060100000,プロピレン (10) (t),0024000000,平成24年
2342198,06020000,受入,060100000,プロピレン (10) (t),0022010000,平成22年度
2303090,06020000,受入,060100000,プロピレン (10) (t),0023010000,平成23年度
560485,06020000,受入,060100000,プロピレン (10) (t),0024000103,平成24年 1 ～ 3 月
589306,06020000,受入,060100000,プロピレン (10) (t),0024000406,平成24年 4 ～ 6 月
490334,06020000,受入,060100000,プロピレン (10) (t),0024000709,平成24年 7 ～ 9 月
544095,06020000,受入,060100000,プロピレン (10) (t),0024001012,平成24年 10 ～ 12 月
190428,06020000,受入,060100000,プロピレン (10) (t),0024000101,平成24年1月
181528,06020000,受入,060100000,プロピレン (10) (t),0024000202,平成24年2月
188529,06020000,受入,060100000,プロピレン (10) (t),0024000303,平成24年3月
218861,06020000,受入,060100000,プロピレン (10) (t),0024000404,平成24年4月
213146,06020000,受入,060100000,プロピレン (10) (t),0024000505,平成24年5月
157299,06020000,受入,060100000,プロピレン (10) (t),0024000606,平成24年6月
127453,06020000,受入,060100000,プロピレン (10) (t),0024000707,平成24年7月
183378,06020000,受入,060100000,プロピレン (10) (t),0024000808,平成24年8月
179503,06020000,受入,060100000,プロピレン (10) (t),0024000909,平成24年9月
204900,06020000,受入,060100000,プロピレン (10) (t),0024001010,平成24年10月
169923,06020000,受入,060100000,プロピレン (10) (t),0024001111,平成24年11月
169272,06020000,受入,060100000,プロピレン (10) (t),0024001212,平成24年12月
154777,06020000,受入,060110000,酸化プロピレン (11) (t),0020000000,平成20年
178855,06020000,受入,060110000,酸化プロピレン (11) (t),0021000000,平成21年
169392,06020000,受入,060110000,酸化プロピレン (11) (t),0022000000,平成22年
226212,06020000,受入,060110000,酸化プロピレン (11) (t),0023000000,平成23年
91378,06020000,受入,060110000,酸化プロピレン (11) (t),0024000000,平成24年
175224,06020000,受入,060110000,酸化プロピレン (11) (t),0022010000,平成22年度
222013,06020000,受入,060110000,酸化プロピレン (11) (t),0023010000,平成23年度
51639,06020000,受入,060110000,酸化プロピレン (11) (t),0024000103,平成24年 1 ～ 3 月
22009,06020000,受入,060110000,酸化プロピレン (11) (t),0024000406,平成24年 4 ～ 6 月
11655,06020000,受入,060110000,酸化プロピレン (11) (t),0024000709,平成24年 7 ～ 9 月
6075,06020000,受入,060110000,酸化プロピレン (11) (t),0024001012,平成24年 10 ～ 12 月
19938,06020000,受入,060110000,酸化プロピレン (11) (t),0024000101,平成24年1月
16900,06020000,受入,060110000,酸化プロピレン (11) (t),0024000202,平成24年2月
14801,06020000,受入,060110000,酸化プロピレン (11) (t),0024000303,平成24年3月
15220,06020000,受入,060110000,酸化プロピレン (11) (t),0024000404,平成24年4月
6441,06020000,受入,060110000,酸化プロピレン (11) (t),0024000505,平成24年5月
348,06020000,受入,060110000,酸化プロピレン (11) (t),0024000606,平成24年6月
3663,06020000,受入,060110000,酸化プロピレン (11) (t),0024000707,平成24年7月
908,06020000,受入,060110000,酸化プロピレン (11) (t),0024000808,平成24年8月
7084,06020000,受入,060110000,酸化プロピレン (11) (t),0024000909,平成24年9月
2309,06020000,受入,060110000,酸化プロピレン (11) (t),0024001010,平成24年10月
719,06020000,受入,060110000,酸化プロピレン (11) (t),0024001111,平成24年11月
3047,06020000,受入,060110000,酸化プロピレン (11) (t),0024001212,平成24年12月
9916,06020000,受入,060120000,プロピレングリコール (12) (t),0020000000,平成20年
12207,06020000,受入,060120000,プロピレングリコール (12) (t),0021000000,平成21年
11070,06020000,受入,060120000,プロピレングリコール (12) (t),0022000000,平成22年
7983,06020000,受入,060120000,プロピレングリコール (12) (t),0023000000,平成23年
7790,06020000,受入,060120000,プロピレングリコール (12) (t),0024000000,平成24年
9982,06020000,受入,060120000,プロピレングリコール (12) (t),0022010000,平成22年度
8074,06020000,受入,060120000,プロピレングリコール (12) (t),0023010000,平成23年度
1963,06020000,受入,060120000,プロピレングリコール (12) (t),0024000103,平成24年 1 ～ 3 月
2062,06020000,受入,060120000,プロピレングリコール (12) (t),0024000406,平成24年 4 ～ 6 月
1781,06020000,受入,060120000,プロピレングリコール (12) (t),0024000709,平成24年 7 ～ 9 月
1984,06020000,受入,060120000,プロピレングリコール (12) (t),0024001012,平成24年 10 ～ 12 月
572,06020000,受入,060120000,プロピレングリコール (12) (t),0024000101,平成24年1月
598,06020000,受入,060120000,プロピレングリコール (12) (t),0024000202,平成24年2月
793,06020000,受入,060120000,プロピレングリコール (12) (t),0024000303,平成24年3月
844,06020000,受入,060120000,プロピレングリコール (12) (t),0024000404,平成24年4月
537,06020000,受入,060120000,プロピレングリコール (12) (t),0024000505,平成24年5月
681,06020000,受入,060120000,プロピレングリコール (12) (t),0024000606,平成24年6月
528,06020000,受入,060120000,プロピレングリコール (12) (t),0024000707,平成24年7月
637,06020000,受入,060120000,プロピレングリコール (12) (t),0024000808,平成24年8月
616,06020000,受入,060120000,プロピレングリコール (12) (t),0024000909,平成24年9月
538,06020000,受入,060120000,プロピレングリコール (12) (t),0024001010,平成24年10月
523,06020000,受入,060120000,プロピレングリコール (12) (t),0024001111,平成24年11月
923,06020000,受入,060120000,プロピレングリコール (12) (t),0024001212,平成24年12月
19001,06020000,受入,060130000,ポリプロピレングリコール (13) (t),0020000000,平成20年
23418,06020000,受入,060130000,ポリプロピレングリコール (13) (t),0021000000,平成21年
15934,06020000,受入,060130000,ポリプロピレングリコール (13) (t),0022000000,平成22年
14400,06020000,受入,060130000,ポリプロピレングリコール (13) (t),0023000000,平成23年
13433,06020000,受入,060130000,ポリプロピレングリコール (13) (t),0024000000,平成24年
14496,06020000,受入,060130000,ポリプロピレングリコール (13) (t),0022010000,平成22年度
14080,06020000,受入,060130000,ポリプロピレングリコール (13) (t),0023010000,平成23年度
3037,06020000,受入,060130000,ポリプロピレングリコール (13) (t),0024000103,平成24年 1 ～ 3 月
3308,06020000,受入,060130000,ポリプロピレングリコール (13) (t),0024000406,平成24年 4 ～ 6 月
3359,06020000,受入,060130000,ポリプロピレングリコール (13) (t),0024000709,平成24年 7 ～ 9 月
3729,06020000,受入,060130000,ポリプロピレングリコール (13) (t),0024001012,平成24年 10 ～ 12 月
964,06020000,受入,060130000,ポリプロピレングリコール (13) (t),0024000101,平成24年1月
949,06020000,受入,060130000,ポリプロピレングリコール (13) (t),0024000202,平成24年2月
1124,06020000,受入,060130000,ポリプロピレングリコール (13) (t),0024000303,平成24年3月
1324,06020000,受入,060130000,ポリプロピレングリコール (13) (t),0024000404,平成24年4月
809,06020000,受入,060130000,ポリプロピレングリコール (13) (t),0024000505,平成24年5月
1175,06020000,受入,060130000,ポリプロピレングリコール (13) (t),0024000606,平成24年6月
1287,06020000,受入,060130000,ポリプロピレングリコール (13) (t),0024000707,平成24年7月
1120,06020000,受入,060130000,ポリプロピレングリコール (13) (t),0024000808,平成24年8月
952,06020000,受入,060130000,ポリプロピレングリコール (13) (t),0024000909,平成24年9月
1160,06020000,受入,060130000,ポリプロピレングリコール (13) (t),0024001010,平成24年10月
1299,06020000,受入,060130000,ポリプロピレングリコール (13) (t),0024001111,平成24年11月
1270,06020000,受入,060130000,ポリプロピレングリコール (13) (t),0024001212,平成24年12月
-,06020000,受入,060140000,エピクロルヒドリン (14) (t),0020000000,平成20年
150,06020000,受入,060140000,エピクロルヒドリン (14) (t),0021000000,平成21年
-,06020000,受入,060140000,エピクロルヒドリン (14) (t),0022000000,平成22年
-,06020000,受入,060140000,エピクロルヒドリン (14) (t),0023000000,平成23年
-,06020000,受入,060140000,エピクロルヒドリン (14) (t),0024000000,平成24年
-,06020000,受入,060140000,エピクロルヒドリン (14) (t),0022010000,平成22年度
-,06020000,受入,060140000,エピクロルヒドリン (14) (t),0023010000,平成23年度
-,06020000,受入,060140000,エピクロルヒドリン (14) (t),0024000103,平成24年 1 ～ 3 月
-,06020000,受入,060140000,エピクロルヒドリン (14) (t),0024000406,平成24年 4 ～ 6 月
-,06020000,受入,060140000,エピクロルヒドリン (14) (t),0024000709,平成24年 7 ～ 9 月
-,06020000,受入,060140000,エピクロルヒドリン (14) (t),0024001012,平成24年 10 ～ 12 月
-,06020000,受入,060140000,エピクロルヒドリン (14) (t),0024000101,平成24年1月
-,06020000,受入,060140000,エピクロルヒドリン (14) (t),0024000202,平成24年2月
-,06020000,受入,060140000,エピクロルヒドリン (14) (t),0024000303,平成24年3月
-,06020000,受入,060140000,エピクロルヒドリン (14) (t),0024000404,平成24年4月
-,06020000,受入,060140000,エピクロルヒドリン (14) (t),0024000505,平成24年5月
-,06020000,受入,060140000,エピクロルヒドリン (14) (t),0024000606,平成24年6月
-,06020000,受入,060140000,エピクロルヒドリン (14) (t),0024000707,平成24年7月
-,06020000,受入,060140000,エピクロルヒドリン (14) (t),0024000808,平成24年8月
-,06020000,受入,060140000,エピクロルヒドリン (14) (t),0024000909,平成24年9月
-,06020000,受入,060140000,エピクロルヒドリン (14) (t),0024001010,平成24年10月
-,06020000,受入,060140000,エピクロルヒドリン (14) (t),0024001111,平成24年11月
-,06020000,受入,060140000,エピクロルヒドリン (14) (t),0024001212,平成24年12月
7044,06020000,受入,060150000,イソプロピルアルコール (15) (t),0020000000,平成20年
3456,06020000,受入,060150000,イソプロピルアルコール (15) (t),0021000000,平成21年
4345,06020000,受入,060150000,イソプロピルアルコール (15) (t),0022000000,平成22年
2570,06020000,受入,060150000,イソプロピルアルコール (15) (t),0023000000,平成23年
2712,06020000,受入,060150000,イソプロピルアルコール (15) (t),0024000000,平成24年
4528,06020000,受入,060150000,イソプロピルアルコール (15) (t),0022010000,平成22年度
2010,06020000,受入,060150000,イソプロピルアルコール (15) (t),0023010000,平成23年度
266,06020000,受入,060150000,イソプロピルアルコール (15) (t),0024000103,平成24年 1 ～ 3 月
1988,06020000,受入,060150000,イソプロピルアルコール (15) (t),0024000406,平成24年 4 ～ 6 月
244,06020000,受入,060150000,イソプロピルアルコール (15) (t),0024000709,平成24年 7 ～ 9 月
214,06020000,受入,060150000,イソプロピルアルコール (15) (t),0024001012,平成24年 10 ～ 12 月
79,06020000,受入,060150000,イソプロピルアルコール (15) (t),0024000101,平成24年1月
96,06020000,受入,060150000,イソプロピルアルコール (15) (t),0024000202,平成24年2月
91,06020000,受入,060150000,イソプロピルアルコール (15) (t),0024000303,平成24年3月
616,06020000,受入,060150000,イソプロピルアルコール (15) (t),0024000404,平成24年4月
901,06020000,受入,060150000,イソプロピルアルコール (15) (t),0024000505,平成24年5月
471,06020000,受入,060150000,イソプロピルアルコール (15) (t),0024000606,平成24年6月
94,06020000,受入,060150000,イソプロピルアルコール (15) (t),0024000707,平成24年7月
80,06020000,受入,060150000,イソプロピルアルコール (15) (t),0024000808,平成24年8月
70,06020000,受入,060150000,イソプロピルアルコール (15) (t),0024000909,平成24年9月
56,06020000,受入,060150000,イソプロピルアルコール (15) (t),0024001010,平成24年10月
85,06020000,受入,060150000,イソプロピルアルコール (15) (t),0024001111,平成24年11月
73,06020000,受入,060150000,イソプロピルアルコール (15) (t),0024001212,平成24年12月
105153,06020000,受入,060160000,合成アセトン (16) (t),0020000000,平成20年
106899,06020000,受入,060160000,合成アセトン (16) (t),0021000000,平成21年
85665,06020000,受入,060160000,合成アセトン (16) (t),0022000000,平成22年
71796,06020000,受入,060160000,合成アセトン (16) (t),0023000000,平成23年
89736,06020000,受入,060160000,合成アセトン (16) (t),0024000000,平成24年
81035,06020000,受入,060160000,合成アセトン (16) (t),0022010000,平成22年度
66071,06020000,受入,060160000,合成アセトン (16) (t),0023010000,平成23年度
13517,06020000,受入,060160000,合成アセトン (16) (t),0024000103,平成24年 1 ～ 3 月
12204,06020000,受入,060160000,合成アセトン (16) (t),0024000406,平成24年 4 ～ 6 月
34374,06020000,受入,060160000,合成アセトン (16) (t),0024000709,平成24年 7 ～ 9 月
29641,06020000,受入,060160000,合成アセトン (16) (t),0024001012,平成24年 10 ～ 12 月
1513,06020000,受入,060160000,合成アセトン (16) (t),0024000101,平成24年1月
9329,06020000,受入,060160000,合成アセトン (16) (t),0024000202,平成24年2月
2675,06020000,受入,060160000,合成アセトン (16) (t),0024000303,平成24年3月
1534,06020000,受入,060160000,合成アセトン (16) (t),0024000404,平成24年4月
5662,06020000,受入,060160000,合成アセトン (16) (t),0024000505,平成24年5月
5008,06020000,受入,060160000,合成アセトン (16) (t),0024000606,平成24年6月
7930,06020000,受入,060160000,合成アセトン (16) (t),0024000707,平成24年7月
13339,06020000,受入,060160000,合成アセトン (16) (t),0024000808,平成24年8月
13105,06020000,受入,060160000,合成アセトン (16) (t),0024000909,平成24年9月
7618,06020000,受入,060160000,合成アセトン (16) (t),0024001010,平成24年10月
8243,06020000,受入,060160000,合成アセトン (16) (t),0024001111,平成24年11月
13780,06020000,受入,060160000,合成アセトン (16) (t),0024001212,平成24年12月
-,06020000,受入,060170000,メチルイソブチルケトン (17) (t),0020000000,平成20年
1,06020000,受入,060170000,メチルイソブチルケトン (17) (t),0021000000,平成21年
-,06020000,受入,060170000,メチルイソブチルケトン (17) (t),0022000000,平成22年
-,06020000,受入,060170000,メチルイソブチルケトン (17) (t),0023000000,平成23年
-,06020000,受入,060170000,メチルイソブチルケトン (17) (t),0024000000,平成24年
-,06020000,受入,060170000,メチルイソブチルケトン (17) (t),0022010000,平成22年度
-,06020000,受入,060170000,メチルイソブチルケトン (17) (t),0023010000,平成23年度
-,06020000,受入,060170000,メチルイソブチルケトン (17) (t),0024000103,平成24年 1 ～ 3 月
-,06020000,受入,060170000,メチルイソブチルケトン (17) (t),0024000406,平成24年 4 ～ 6 月
-,06020000,受入,060170000,メチルイソブチルケトン (17) (t),0024000709,平成24年 7 ～ 9 月
-,06020000,受入,060170000,メチルイソブチルケトン (17) (t),0024001012,平成24年 10 ～ 12 月
-,06020000,受入,060170000,メチルイソブチルケトン (17) (t),0024000101,平成24年1月
-,06020000,受入,060170000,メチルイソブチルケトン (17) (t),0024000202,平成24年2月
-,06020000,受入,060170000,メチルイソブチルケトン (17) (t),0024000303,平成24年3月
-,06020000,受入,060170000,メチルイソブチルケトン (17) (t),0024000404,平成24年4月
-,06020000,受入,060170000,メチルイソブチルケトン (17) (t),0024000505,平成24年5月
-,06020000,受入,060170000,メチルイソブチルケトン (17) (t),0024000606,平成24年6月
-,06020000,受入,060170000,メチルイソブチルケトン (17) (t),0024000707,平成24年7月
-,06020000,受入,060170000,メチルイソブチルケトン (17) (t),0024000808,平成24年8月
-,06020000,受入,060170000,メチルイソブチルケトン (17) (t),0024000909,平成24年9月
-,06020000,受入,060170000,メチルイソブチルケトン (17) (t),0024001010,平成24年10月
-,06020000,受入,060170000,メチルイソブチルケトン (17) (t),0024001111,平成24年11月
-,06020000,受入,060170000,メチルイソブチルケトン (17) (t),0024001212,平成24年12月
30833,06020000,受入,060180000,アクリロニトリル (18) (t),0020000000,平成20年
15407,06020000,受入,060180000,アクリロニトリル (18) (t),0021000000,平成21年
17984,06020000,受入,060180000,アクリロニトリル (18) (t),0022000000,平成22年
18171,06020000,受入,060180000,アクリロニトリル (18) (t),0023000000,平成23年
12722,06020000,受入,060180000,アクリロニトリル (18) (t),0024000000,平成24年
18987,06020000,受入,060180000,アクリロニトリル (18) (t),0022010000,平成22年度
17921,06020000,受入,060180000,アクリロニトリル (18) (t),0023010000,平成23年度
3454,06020000,受入,060180000,アクリロニトリル (18) (t),0024000103,平成24年 1 ～ 3 月
1804,06020000,受入,060180000,アクリロニトリル (18) (t),0024000406,平成24年 4 ～ 6 月
4403,06020000,受入,060180000,アクリロニトリル (18) (t),0024000709,平成24年 7 ～ 9 月
3061,06020000,受入,060180000,アクリロニトリル (18) (t),0024001012,平成24年 10 ～ 12 月
901,06020000,受入,060180000,アクリロニトリル (18) (t),0024000101,平成24年1月
1802,06020000,受入,060180000,アクリロニトリル (18) (t),0024000202,平成24年2月
751,06020000,受入,060180000,アクリロニトリル (18) (t),0024000303,平成24年3月
1203,06020000,受入,060180000,アクリロニトリル (18) (t),0024000404,平成24年4月
601,06020000,受入,060180000,アクリロニトリル (18) (t),0024000505,平成24年5月
-,06020000,受入,060180000,アクリロニトリル (18) (t),0024000606,平成24年6月
1701,06020000,受入,060180000,アクリロニトリル (18) (t),0024000707,平成24年7月
1801,06020000,受入,060180000,アクリロニトリル (18) (t),0024000808,平成24年8月
901,06020000,受入,060180000,アクリロニトリル (18) (t),0024000909,平成24年9月
900,06020000,受入,060180000,アクリロニトリル (18) (t),0024001010,平成24年10月
901,06020000,受入,060180000,アクリロニトリル (18) (t),0024001111,平成24年11月
1260,06020000,受入,060180000,アクリロニトリル (18) (t),0024001212,平成24年12月
13017,06020000,受入,060190000,アクリル酸エステル (19) (t),0020000000,平成20年
7397,06020000,受入,060190000,アクリル酸エステル (19) (t),0021000000,平成21年
8079,06020000,受入,060190000,アクリル酸エステル (19) (t),0022000000,平成22年
7907,06020000,受入,060190000,アクリル酸エステル (19) (t),0023000000,平成23年
6321,06020000,受入,060190000,アクリル酸エステル (19) (t),0024000000,平成24年
8296,06020000,受入,060190000,アクリル酸エステル (19) (t),0022010000,平成22年度
6542,06020000,受入,060190000,アクリル酸エステル (19) (t),0023010000,平成23年度
713,06020000,受入,060190000,アクリル酸エステル (19) (t),0024000103,平成24年 1 ～ 3 月
2122,06020000,受入,060190000,アクリル酸エステル (19) (t),0024000406,平成24年 4 ～ 6 月
2440,06020000,受入,060190000,アクリル酸エステル (19) (t),0024000709,平成24年 7 ～ 9 月
1046,06020000,受入,060190000,アクリル酸エステル (19) (t),0024001012,平成24年 10 ～ 12 月
580,06020000,受入,060190000,アクリル酸エステル (19) (t),0024000101,平成24年1月
80,06020000,受入,060190000,アクリル酸エステル (19) (t),0024000202,平成24年2月
53,06020000,受入,060190000,アクリル酸エステル (19) (t),0024000303,平成24年3月
1140,06020000,受入,060190000,アクリル酸エステル (19) (t),0024000404,平成24年4月
779,06020000,受入,060190000,アクリル酸エステル (19) (t),0024000505,平成24年5月
203,06020000,受入,060190000,アクリル酸エステル (19) (t),0024000606,平成24年6月
1270,06020000,受入,060190000,アクリル酸エステル (19) (t),0024000707,平成24年7月
570,06020000,受入,060190000,アクリル酸エステル (19) (t),0024000808,平成24年8月
600,06020000,受入,060190000,アクリル酸エステル (19) (t),0024000909,平成24年9月
650,06020000,受入,060190000,アクリル酸エステル (19) (t),0024001010,平成24年10月
140,06020000,受入,060190000,アクリル酸エステル (19) (t),0024001111,平成24年11月
256,06020000,受入,060190000,アクリル酸エステル (19) (t),0024001212,平成24年12月
-,06020000,受入,060200000,合成オクタノール (20) (t),0020000000,平成20年
109,06020000,受入,060200000,合成オクタノール (20) (t),0021000000,平成21年
530,06020000,受入,060200000,合成オクタノール (20) (t),0022000000,平成22年
921,06020000,受入,060200000,合成オクタノール (20) (t),0023000000,平成23年
1,06020000,受入,060200000,合成オクタノール (20) (t),0024000000,平成24年
574,06020000,受入,060200000,合成オクタノール (20) (t),0022010000,平成22年度
640,06020000,受入,060200000,合成オクタノール (20) (t),0023010000,平成23年度
-,06020000,受入,060200000,合成オクタノール (20) (t),0024000103,平成24年 1 ～ 3 月
-,06020000,受入,060200000,合成オクタノール (20) (t),0024000406,平成24年 4 ～ 6 月
1,06020000,受入,060200000,合成オクタノール (20) (t),0024000709,平成24年 7 ～ 9 月
-,06020000,受入,060200000,合成オクタノール (20) (t),0024001012,平成24年 10 ～ 12 月
-,06020000,受入,060200000,合成オクタノール (20) (t),0024000101,平成24年1月
-,06020000,受入,060200000,合成オクタノール (20) (t),0024000202,平成24年2月
-,06020000,受入,060200000,合成オクタノール (20) (t),0024000303,平成24年3月
-,06020000,受入,060200000,合成オクタノール (20) (t),0024000404,平成24年4月
-,06020000,受入,060200000,合成オクタノール (20) (t),0024000505,平成24年5月
-,06020000,受入,060200000,合成オクタノール (20) (t),0024000606,平成24年6月
-,06020000,受入,060200000,合成オクタノール (20) (t),0024000707,平成24年7月
-,06020000,受入,060200000,合成オクタノール (20) (t),0024000808,平成24年8月
1,06020000,受入,060200000,合成オクタノール (20) (t),0024000909,平成24年9月
-,06020000,受入,060200000,合成オクタノール (20) (t),0024001010,平成24年10月
-,06020000,受入,060200000,合成オクタノール (20) (t),0024001111,平成24年11月
-,06020000,受入,060200000,合成オクタノール (20) (t),0024001212,平成24年12月
55,06020000,受入,060210000,合成ブタノール (21) (t),0020000000,平成20年
3,06020000,受入,060210000,合成ブタノール (21) (t),0021000000,平成21年
3020,06020000,受入,060210000,合成ブタノール (21) (t),0022000000,平成22年
7996,06020000,受入,060210000,合成ブタノール (21) (t),0023000000,平成23年
2381,06020000,受入,060210000,合成ブタノール (21) (t),0024000000,平成24年
4917,06020000,受入,060210000,合成ブタノール (21) (t),0022010000,平成22年度
6098,06020000,受入,060210000,合成ブタノール (21) (t),0023010000,平成23年度
-,06020000,受入,060210000,合成ブタノール (21) (t),0024000103,平成24年 1 ～ 3 月
1480,06020000,受入,060210000,合成ブタノール (21) (t),0024000406,平成24年 4 ～ 6 月
100,06020000,受入,060210000,合成ブタノール (21) (t),0024000709,平成24年 7 ～ 9 月
801,06020000,受入,060210000,合成ブタノール (21) (t),0024001012,平成24年 10 ～ 12 月
-,06020000,受入,060210000,合成ブタノール (21) (t),0024000101,平成24年1月
-,06020000,受入,060210000,合成ブタノール (21) (t),0024000202,平成24年2月
-,06020000,受入,060210000,合成ブタノール (21) (t),0024000303,平成24年3月
800,06020000,受入,060210000,合成ブタノール (21) (t),0024000404,平成24年4月
-,06020000,受入,060210000,合成ブタノール (21) (t),0024000505,平成24年5月
680,06020000,受入,060210000,合成ブタノール (21) (t),0024000606,平成24年6月
-,06020000,受入,060210000,合成ブタノール (21) (t),0024000707,平成24年7月
-,06020000,受入,060210000,合成ブタノール (21) (t),0024000808,平成24年8月
100,06020000,受入,060210000,合成ブタノール (21) (t),0024000909,平成24年9月
801,06020000,受入,060210000,合成ブタノール (21) (t),0024001010,平成24年10月
-,06020000,受入,060210000,合成ブタノール (21) (t),0024001111,平成24年11月
-,06020000,受入,060210000,合成ブタノール (21) (t),0024001212,平成24年12月
-,06020000,受入,060220000,メチルエチルケトン (22) (t),0020000000,平成20年
-,06020000,受入,060220000,メチルエチルケトン (22) (t),0021000000,平成21年
-,06020000,受入,060220000,メチルエチルケトン (22) (t),0022000000,平成22年
-,06020000,受入,060220000,メチルエチルケトン (22) (t),0023000000,平成23年
-,06020000,受入,060220000,メチルエチルケトン (22) (t),0024000000,平成24年
-,06020000,受入,060220000,メチルエチルケトン (22) (t),0022010000,平成22年度
-,06020000,受入,060220000,メチルエチルケトン (22) (t),0023010000,平成23年度
-,06020000,受入,060220000,メチルエチルケトン (22) (t),0024000103,平成24年 1 ～ 3 月
-,06020000,受入,060220000,メチルエチルケトン (22) (t),0024000406,平成24年 4 ～ 6 月
-,06020000,受入,060220000,メチルエチルケトン (22) (t),0024000709,平成24年 7 ～ 9 月
-,06020000,受入,060220000,メチルエチルケトン (22) (t),0024001012,平成24年 10 ～ 12 月
-,06020000,受入,060220000,メチルエチルケトン (22) (t),0024000101,平成24年1月
-,06020000,受入,060220000,メチルエチルケトン (22) (t),0024000202,平成24年2月
-,06020000,受入,060220000,メチルエチルケトン (22) (t),0024000303,平成24年3月
-,06020000,受入,060220000,メチルエチルケトン (22) (t),0024000404,平成24年4月
-,06020000,受入,060220000,メチルエチルケトン (22) (t),0024000505,平成24年5月
-,06020000,受入,060220000,メチルエチルケトン (22) (t),0024000606,平成24年6月
-,06020000,受入,060220000,メチルエチルケトン (22) (t),0024000707,平成24年7月
-,06020000,受入,060220000,メチルエチルケトン (22) (t),0024000808,平成24年8月
-,06020000,受入,060220000,メチルエチルケトン (22) (t),0024000909,平成24年9月
-,06020000,受入,060220000,メチルエチルケトン (22) (t),0024001010,平成24年10月
-,06020000,受入,060220000,メチルエチルケトン (22) (t),0024001111,平成24年11月
-,06020000,受入,060220000,メチルエチルケトン (22) (t),0024001212,平成24年12月
836516,06020000,受入,060230000,ブタン･ブチレン (23) (t),0020000000,平成20年
792611,06020000,受入,060230000,ブタン･ブチレン (23) (t),0021000000,平成21年
745942,06020000,受入,060230000,ブタン･ブチレン (23) (t),0022000000,平成22年
811643,06020000,受入,060230000,ブタン･ブチレン (23) (t),0023000000,平成23年
725966,06020000,受入,060230000,ブタン･ブチレン (23) (t),0024000000,平成24年
750707,06020000,受入,060230000,ブタン･ブチレン (23) (t),0022010000,平成22年度
795206,06020000,受入,060230000,ブタン･ブチレン (23) (t),0023010000,平成23年度
185052,06020000,受入,060230000,ブタン･ブチレン (23) (t),0024000103,平成24年 1 ～ 3 月
207357,06020000,受入,060230000,ブタン･ブチレン (23) (t),0024000406,平成24年 4 ～ 6 月
163226,06020000,受入,060230000,ブタン･ブチレン (23) (t),0024000709,平成24年 7 ～ 9 月
170331,06020000,受入,060230000,ブタン･ブチレン (23) (t),0024001012,平成24年 10 ～ 12 月
59436,06020000,受入,060230000,ブタン･ブチレン (23) (t),0024000101,平成24年1月
65004,06020000,受入,060230000,ブタン･ブチレン (23) (t),0024000202,平成24年2月
60612,06020000,受入,060230000,ブタン･ブチレン (23) (t),0024000303,平成24年3月
63689,06020000,受入,060230000,ブタン･ブチレン (23) (t),0024000404,平成24年4月
74486,06020000,受入,060230000,ブタン･ブチレン (23) (t),0024000505,平成24年5月
69182,06020000,受入,060230000,ブタン･ブチレン (23) (t),0024000606,平成24年6月
55716,06020000,受入,060230000,ブタン･ブチレン (23) (t),0024000707,平成24年7月
52831,06020000,受入,060230000,ブタン･ブチレン (23) (t),0024000808,平成24年8月
54679,06020000,受入,060230000,ブタン･ブチレン (23) (t),0024000909,平成24年9月
59441,06020000,受入,060230000,ブタン･ブチレン (23) (t),0024001010,平成24年10月
53701,06020000,受入,060230000,ブタン･ブチレン (23) (t),0024001111,平成24年11月
57189,06020000,受入,060230000,ブタン･ブチレン (23) (t),0024001212,平成24年12月
133553,06020000,受入,060240000,ブタジエン (24) (t),0020000000,平成20年
88964,06020000,受入,060240000,ブタジエン (24) (t),0021000000,平成21年
130244,06020000,受入,060240000,ブタジエン (24) (t),0022000000,平成22年
132131,06020000,受入,060240000,ブタジエン (24) (t),0023000000,平成23年
163616,06020000,受入,060240000,ブタジエン (24) (t),0024000000,平成24年
143560,06020000,受入,060240000,ブタジエン (24) (t),0022010000,平成22年度
137691,06020000,受入,060240000,ブタジエン (24) (t),0023010000,平成23年度
43785,06020000,受入,060240000,ブタジエン (24) (t),0024000103,平成24年 1 ～ 3 月
45400,06020000,受入,060240000,ブタジエン (24) (t),0024000406,平成24年 4 ～ 6 月
44737,06020000,受入,060240000,ブタジエン (24) (t),0024000709,平成24年 7 ～ 9 月
29694,06020000,受入,060240000,ブタジエン (24) (t),0024001012,平成24年 10 ～ 12 月
17640,06020000,受入,060240000,ブタジエン (24) (t),0024000101,平成24年1月
18260,06020000,受入,060240000,ブタジエン (24) (t),0024000202,平成24年2月
7885,06020000,受入,060240000,ブタジエン (24) (t),0024000303,平成24年3月
14936,06020000,受入,060240000,ブタジエン (24) (t),0024000404,平成24年4月
13459,06020000,受入,060240000,ブタジエン (24) (t),0024000505,平成24年5月
17005,06020000,受入,060240000,ブタジエン (24) (t),0024000606,平成24年6月
17365,06020000,受入,060240000,ブタジエン (24) (t),0024000707,平成24年7月
14259,06020000,受入,060240000,ブタジエン (24) (t),0024000808,平成24年8月
13113,06020000,受入,060240000,ブタジエン (24) (t),0024000909,平成24年9月
12116,06020000,受入,060240000,ブタジエン (24) (t),0024001010,平成24年10月
7404,06020000,受入,060240000,ブタジエン (24) (t),0024001111,平成24年11月
10174,06020000,受入,060240000,ブタジエン (24) (t),0024001212,平成24年12月
2212,06020000,受入,060250000,ノルマルパラフィン (25) (t),0020000000,平成20年
5488,06020000,受入,060250000,ノルマルパラフィン (25) (t),0021000000,平成21年
17808,06020000,受入,060250000,ノルマルパラフィン (25) (t),0022000000,平成22年
X,06020000,受入,060250000,ノルマルパラフィン (25) (t),0023000000,平成23年
X,06020000,受入,060250000,ノルマルパラフィン (25) (t),0024000000,平成24年
X,06020000,受入,060250000,ノルマルパラフィン (25) (t),0022010000,平成22年度
X,06020000,受入,060250000,ノルマルパラフィン (25) (t),0023010000,平成23年度
X,06020000,受入,060250000,ノルマルパラフィン (25) (t),0024000103,平成24年 1 ～ 3 月
X,06020000,受入,060250000,ノルマルパラフィン (25) (t),0024000406,平成24年 4 ～ 6 月
X,06020000,受入,060250000,ノルマルパラフィン (25) (t),0024000709,平成24年 7 ～ 9 月
X,06020000,受入,060250000,ノルマルパラフィン (25) (t),0024001012,平成24年 10 ～ 12 月
X,06020000,受入,060250000,ノルマルパラフィン (25) (t),0024000101,平成24年1月
X,06020000,受入,060250000,ノルマルパラフィン (25) (t),0024000202,平成24年2月
X,06020000,受入,060250000,ノルマルパラフィン (25) (t),0024000303,平成24年3月
X,06020000,受入,060250000,ノルマルパラフィン (25) (t),0024000404,平成24年4月
X,06020000,受入,060250000,ノルマルパラフィン (25) (t),0024000505,平成24年5月
X,06020000,受入,060250000,ノルマルパラフィン (25) (t),0024000606,平成24年6月
X,06020000,受入,060250000,ノルマルパラフィン (25) (t),0024000707,平成24年7月
X,06020000,受入,060250000,ノルマルパラフィン (25) (t),0024000808,平成24年8月
X,06020000,受入,060250000,ノルマルパラフィン (25) (t),0024000909,平成24年9月
X,06020000,受入,060250000,ノルマルパラフィン (25) (t),0024001010,平成24年10月
X,06020000,受入,060250000,ノルマルパラフィン (25) (t),0024001111,平成24年11月
X,06020000,受入,060250000,ノルマルパラフィン (25) (t),0024001212,平成24年12月
931474,06020000,受入,060260000,分解ガソリン (26) (t),0020000000,平成20年
775366,06020000,受入,060260000,分解ガソリン (26) (t),0021000000,平成21年
759170,06020000,受入,060260000,分解ガソリン (26) (t),0022000000,平成22年
822499,06020000,受入,060260000,分解ガソリン (26) (t),0023000000,平成23年
778954,06020000,受入,060260000,分解ガソリン (26) (t),0024000000,平成24年
771435,06020000,受入,060260000,分解ガソリン (26) (t),0022010000,平成22年度
756540,06020000,受入,060260000,分解ガソリン (26) (t),0023010000,平成23年度
144636,06020000,受入,060260000,分解ガソリン (26) (t),0024000103,平成24年 1 ～ 3 月
204327,06020000,受入,060260000,分解ガソリン (26) (t),0024000406,平成24年 4 ～ 6 月
214894,06020000,受入,060260000,分解ガソリン (26) (t),0024000709,平成24年 7 ～ 9 月
215097,06020000,受入,060260000,分解ガソリン (26) (t),0024001012,平成24年 10 ～ 12 月
52248,06020000,受入,060260000,分解ガソリン (26) (t),0024000101,平成24年1月
47938,06020000,受入,060260000,分解ガソリン (26) (t),0024000202,平成24年2月
44450,06020000,受入,060260000,分解ガソリン (26) (t),0024000303,平成24年3月
53439,06020000,受入,060260000,分解ガソリン (26) (t),0024000404,平成24年4月
78535,06020000,受入,060260000,分解ガソリン (26) (t),0024000505,平成24年5月
72353,06020000,受入,060260000,分解ガソリン (26) (t),0024000606,平成24年6月
67777,06020000,受入,060260000,分解ガソリン (26) (t),0024000707,平成24年7月
77542,06020000,受入,060260000,分解ガソリン (26) (t),0024000808,平成24年8月
69575,06020000,受入,060260000,分解ガソリン (26) (t),0024000909,平成24年9月
67643,06020000,受入,060260000,分解ガソリン (26) (t),0024001010,平成24年10月
76366,06020000,受入,060260000,分解ガソリン (26) (t),0024001111,平成24年11月
71088,06020000,受入,060260000,分解ガソリン (26) (t),0024001212,平成24年12月
14866,06020000,受入,060271000,エチルアルコール（95％換算） 計 (27～28) (kl),0020000000,平成20年
8788,06020000,受入,060271000,エチルアルコール（95％換算） 計 (27～28) (kl),0021000000,平成21年
8025,06020000,受入,060271000,エチルアルコール（95％換算） 計 (27～28) (kl),0022000000,平成22年
13895,06020000,受入,060271000,エチルアルコール（95％換算） 計 (27～28) (kl),0023000000,平成23年
27134,06020000,受入,060271000,エチルアルコール（95％換算） 計 (27～28) (kl),0024000000,平成24年
9485,06020000,受入,060271000,エチルアルコール（95％換算） 計 (27～28) (kl),0022010000,平成22年度
18548,06020000,受入,060271000,エチルアルコール（95％換算） 計 (27～28) (kl),0023010000,平成23年度
7881,06020000,受入,060271000,エチルアルコール（95％換算） 計 (27～28) (kl),0024000103,平成24年 1 ～ 3 月
6544,06020000,受入,060271000,エチルアルコール（95％換算） 計 (27～28) (kl),0024000406,平成24年 4 ～ 6 月
6017,06020000,受入,060271000,エチルアルコール（95％換算） 計 (27～28) (kl),0024000709,平成24年 7 ～ 9 月
6692,06020000,受入,060271000,エチルアルコール（95％換算） 計 (27～28) (kl),0024001012,平成24年 10 ～ 12 月
4588,06020000,受入,060271000,エチルアルコール（95％換算） 計 (27～28) (kl),0024000101,平成24年1月
897,06020000,受入,060271000,エチルアルコール（95％換算） 計 (27～28) (kl),0024000202,平成24年2月
2396,06020000,受入,060271000,エチルアルコール（95％換算） 計 (27～28) (kl),0024000303,平成24年3月
1582,06020000,受入,060271000,エチルアルコール（95％換算） 計 (27～28) (kl),0024000404,平成24年4月
1421,06020000,受入,060271000,エチルアルコール（95％換算） 計 (27～28) (kl),0024000505,平成24年5月
3541,06020000,受入,060271000,エチルアルコール（95％換算） 計 (27～28) (kl),0024000606,平成24年6月
2317,06020000,受入,060271000,エチルアルコール（95％換算） 計 (27～28) (kl),0024000707,平成24年7月
1593,06020000,受入,060271000,エチルアルコール（95％換算） 計 (27～28) (kl),0024000808,平成24年8月
2107,06020000,受入,060271000,エチルアルコール（95％換算） 計 (27～28) (kl),0024000909,平成24年9月
2600,06020000,受入,060271000,エチルアルコール（95％換算） 計 (27～28) (kl),0024001010,平成24年10月
2132,06020000,受入,060271000,エチルアルコール（95％換算） 計 (27～28) (kl),0024001111,平成24年11月
1960,06020000,受入,060271000,エチルアルコール（95％換算） 計 (27～28) (kl),0024001212,平成24年12月
X,06020000,受入,060271100,エチルアルコール（95％換算） 発酵エチルアルコール（95％換算） (27) (kl),0020000000,平成20年
X,06020000,受入,060271100,エチルアルコール（95％換算） 発酵エチルアルコール（95％換算） (27) (kl),0021000000,平成21年
X,06020000,受入,060271100,エチルアルコール（95％換算） 発酵エチルアルコール（95％換算） (27) (kl),0022000000,平成22年
X,06020000,受入,060271100,エチルアルコール（95％換算） 発酵エチルアルコール（95％換算） (27) (kl),0023000000,平成23年
X,06020000,受入,060271100,エチルアルコール（95％換算） 発酵エチルアルコール（95％換算） (27) (kl),0024000000,平成24年
X,06020000,受入,060271100,エチルアルコール（95％換算） 発酵エチルアルコール（95％換算） (27) (kl),0022010000,平成22年度
X,06020000,受入,060271100,エチルアルコール（95％換算） 発酵エチルアルコール（95％換算） (27) (kl),0023010000,平成23年度
X,06020000,受入,060271100,エチルアルコール（95％換算） 発酵エチルアルコール（95％換算） (27) (kl),0024000103,平成24年 1 ～ 3 月
X,06020000,受入,060271100,エチルアルコール（95％換算） 発酵エチルアルコール（95％換算） (27) (kl),0024000406,平成24年 4 ～ 6 月
X,06020000,受入,060271100,エチルアルコール（95％換算） 発酵エチルアルコール（95％換算） (27) (kl),0024000709,平成24年 7 ～ 9 月
X,06020000,受入,060271100,エチルアルコール（95％換算） 発酵エチルアルコール（95％換算） (27) (kl),0024001012,平成24年 10 ～ 12 月
X,06020000,受入,060271100,エチルアルコール（95％換算） 発酵エチルアルコール（95％換算） (27) (kl),0024000101,平成24年1月
X,06020000,受入,060271100,エチルアルコール（95％換算） 発酵エチルアルコール（95％換算） (27) (kl),0024000202,平成24年2月
X,06020000,受入,060271100,エチルアルコール（95％換算） 発酵エチルアルコール（95％換算） (27) (kl),0024000303,平成24年3月
X,06020000,受入,060271100,エチルアルコール（95％換算） 発酵エチルアルコール（95％換算） (27) (kl),0024000404,平成24年4月
X,06020000,受入,060271100,エチルアルコール（95％換算） 発酵エチルアルコール（95％換算） (27) (kl),0024000505,平成24年5月
X,06020000,受入,060271100,エチルアルコール（95％換算） 発酵エチルアルコール（95％換算） (27) (kl),0024000606,平成24年6月
X,06020000,受入,060271100,エチルアルコール（95％換算） 発酵エチルアルコール（95％換算） (27) (kl),0024000707,平成24年7月
X,06020000,受入,060271100,エチルアルコール（95％換算） 発酵エチルアルコール（95％換算） (27) (kl),0024000808,平成24年8月
X,06020000,受入,060271100,エチルアルコール（95％換算） 発酵エチルアルコール（95％換算） (27) (kl),0024000909,平成24年9月
X,06020000,受入,060271100,エチルアルコール（95％換算） 発酵エチルアルコール（95％換算） (27) (kl),0024001010,平成24年10月
X,06020000,受入,060271100,エチルアルコール（95％換算） 発酵エチルアルコール（95％換算） (27) (kl),0024001111,平成24年11月
X,06020000,受入,060271100,エチルアルコール（95％換算） 発酵エチルアルコール（95％換算） (27) (kl),0024001212,平成24年12月
X,06020000,受入,060271200,エチルアルコール（95％換算） エチルアルコール（95％換算） (28) (kl),0020000000,平成20年
X,06020000,受入,060271200,エチルアルコール（95％換算） エチルアルコール（95％換算） (28) (kl),0021000000,平成21年
X,06020000,受入,060271200,エチルアルコール（95％換算） エチルアルコール（95％換算） (28) (kl),0022000000,平成22年
X,06020000,受入,060271200,エチルアルコール（95％換算） エチルアルコール（95％換算） (28) (kl),0023000000,平成23年
X,06020000,受入,060271200,エチルアルコール（95％換算） エチルアルコール（95％換算） (28) (kl),0024000000,平成24年
X,06020000,受入,060271200,エチルアルコール（95％換算） エチルアルコール（95％換算） (28) (kl),0022010000,平成22年度
X,06020000,受入,060271200,エチルアルコール（95％換算） エチルアルコール（95％換算） (28) (kl),0023010000,平成23年度
X,06020000,受入,060271200,エチルアルコール（95％換算） エチルアルコール（95％換算） (28) (kl),0024000103,平成24年 1 ～ 3 月
X,06020000,受入,060271200,エチルアルコール（95％換算） エチルアルコール（95％換算） (28) (kl),0024000406,平成24年 4 ～ 6 月
X,06020000,受入,060271200,エチルアルコール（95％換算） エチルアルコール（95％換算） (28) (kl),0024000709,平成24年 7 ～ 9 月
X,06020000,受入,060271200,エチルアルコール（95％換算） エチルアルコール（95％換算） (28) (kl),0024001012,平成24年 10 ～ 12 月
X,06020000,受入,060271200,エチルアルコール（95％換算） エチルアルコール（95％換算） (28) (kl),0024000101,平成24年1月
X,06020000,受入,060271200,エチルアルコール（95％換算） エチルアルコール（95％換算） (28) (kl),0024000202,平成24年2月
X,06020000,受入,060271200,エチルアルコール（95％換算） エチルアルコール（95％換算） (28) (kl),0024000303,平成24年3月
X,06020000,受入,060271200,エチルアルコール（95％換算） エチルアルコール（95％換算） (28) (kl),0024000404,平成24年4月
X,06020000,受入,060271200,エチルアルコール（95％換算） エチルアルコール（95％換算） (28) (kl),0024000505,平成24年5月
X,06020000,受入,060271200,エチルアルコール（95％換算） エチルアルコール（95％換算） (28) (kl),0024000606,平成24年6月
X,06020000,受入,060271200,エチルアルコール（95％換算） エチルアルコール（95％換算） (28) (kl),0024000707,平成24年7月
X,06020000,受入,060271200,エチルアルコール（95％換算） エチルアルコール（95％換算） (28) (kl),0024000808,平成24年8月
X,06020000,受入,060271200,エチルアルコール（95％換算） エチルアルコール（95％換算） (28) (kl),0024000909,平成24年9月
X,06020000,受入,060271200,エチルアルコール（95％換算） エチルアルコール（95％換算） (28) (kl),0024001010,平成24年10月
X,06020000,受入,060271200,エチルアルコール（95％換算） エチルアルコール（95％換算） (28) (kl),0024001111,平成24年11月
X,06020000,受入,060271200,エチルアルコール（95％換算） エチルアルコール（95％換算） (28) (kl),0024001212,平成24年12月
-,06020000,受入,060280000,無水酢酸 (29) (t),0020000000,平成20年
-,06020000,受入,060280000,無水酢酸 (29) (t),0021000000,平成21年
-,06020000,受入,060280000,無水酢酸 (29) (t),0022000000,平成22年
X,06020000,受入,060280000,無水酢酸 (29) (t),0023000000,平成23年
X,06020000,受入,060280000,無水酢酸 (29) (t),0024000000,平成24年
X,06020000,受入,060280000,無水酢酸 (29) (t),0022010000,平成22年度
X,06020000,受入,060280000,無水酢酸 (29) (t),0023010000,平成23年度
X,06020000,受入,060280000,無水酢酸 (29) (t),0024000103,平成24年 1 ～ 3 月
X,06020000,受入,060280000,無水酢酸 (29) (t),0024000406,平成24年 4 ～ 6 月
X,06020000,受入,060280000,無水酢酸 (29) (t),0024000709,平成24年 7 ～ 9 月
X,06020000,受入,060280000,無水酢酸 (29) (t),0024001012,平成24年 10 ～ 12 月
X,06020000,受入,060280000,無水酢酸 (29) (t),0024000101,平成24年1月
X,06020000,受入,060280000,無水酢酸 (29) (t),0024000202,平成24年2月
X,06020000,受入,060280000,無水酢酸 (29) (t),0024000303,平成24年3月
X,06020000,受入,060280000,無水酢酸 (29) (t),0024000404,平成24年4月
X,06020000,受入,060280000,無水酢酸 (29) (t),0024000505,平成24年5月
X,06020000,受入,060280000,無水酢酸 (29) (t),0024000606,平成24年6月
X,06020000,受入,060280000,無水酢酸 (29) (t),0024000707,平成24年7月
X,06020000,受入,060280000,無水酢酸 (29) (t),0024000808,平成24年8月
X,06020000,受入,060280000,無水酢酸 (29) (t),0024000909,平成24年9月
X,06020000,受入,060280000,無水酢酸 (29) (t),0024001010,平成24年10月
X,06020000,受入,060280000,無水酢酸 (29) (t),0024001111,平成24年11月
X,06020000,受入,060280000,無水酢酸 (29) (t),0024001212,平成24年12月
6,06020000,受入,060290000,トリクロルエチレン (30) (t),0020000000,平成20年
11368,06020000,受入,060290000,トリクロルエチレン (30) (t),0021000000,平成21年
-,06020000,受入,060290000,トリクロルエチレン (30) (t),0022000000,平成22年
X,06020000,受入,060290000,トリクロルエチレン (30) (t),0023000000,平成23年
X,06020000,受入,060290000,トリクロルエチレン (30) (t),0024000000,平成24年
X,06020000,受入,060290000,トリクロルエチレン (30) (t),0022010000,平成22年度
X,06020000,受入,060290000,トリクロルエチレン (30) (t),0023010000,平成23年度
X,06020000,受入,060290000,トリクロルエチレン (30) (t),0024000103,平成24年 1 ～ 3 月
X,06020000,受入,060290000,トリクロルエチレン (30) (t),0024000406,平成24年 4 ～ 6 月
X,06020000,受入,060290000,トリクロルエチレン (30) (t),0024000709,平成24年 7 ～ 9 月
X,06020000,受入,060290000,トリクロルエチレン (30) (t),0024001012,平成24年 10 ～ 12 月
X,06020000,受入,060290000,トリクロルエチレン (30) (t),0024000101,平成24年1月
X,06020000,受入,060290000,トリクロルエチレン (30) (t),0024000202,平成24年2月
X,06020000,受入,060290000,トリクロルエチレン (30) (t),0024000303,平成24年3月
X,06020000,受入,060290000,トリクロルエチレン (30) (t),0024000404,平成24年4月
X,06020000,受入,060290000,トリクロルエチレン (30) (t),0024000505,平成24年5月
X,06020000,受入,060290000,トリクロルエチレン (30) (t),0024000606,平成24年6月
X,06020000,受入,060290000,トリクロルエチレン (30) (t),0024000707,平成24年7月
X,06020000,受入,060290000,トリクロルエチレン (30) (t),0024000808,平成24年8月
X,06020000,受入,060290000,トリクロルエチレン (30) (t),0024000909,平成24年9月
X,06020000,受入,060290000,トリクロルエチレン (30) (t),0024001010,平成24年10月
X,06020000,受入,060290000,トリクロルエチレン (30) (t),0024001111,平成24年11月
X,06020000,受入,060290000,トリクロルエチレン (30) (t),0024001212,平成24年12月
4619,06020000,受入,060300000,ホルマリン (31) (t),0020000000,平成20年
4127,06020000,受入,060300000,ホルマリン (31) (t),0021000000,平成21年
4822,06020000,受入,060300000,ホルマリン (31) (t),0022000000,平成22年
5169,06020000,受入,060300000,ホルマリン (31) (t),0023000000,平成23年
3187,06020000,受入,060300000,ホルマリン (31) (t),0024000000,平成24年
5281,06020000,受入,060300000,ホルマリン (31) (t),0022010000,平成22年度
4153,06020000,受入,060300000,ホルマリン (31) (t),0023010000,平成23年度
664,06020000,受入,060300000,ホルマリン (31) (t),0024000103,平成24年 1 ～ 3 月
1368,06020000,受入,060300000,ホルマリン (31) (t),0024000406,平成24年 4 ～ 6 月
374,06020000,受入,060300000,ホルマリン (31) (t),0024000709,平成24年 7 ～ 9 月
781,06020000,受入,060300000,ホルマリン (31) (t),0024001012,平成24年 10 ～ 12 月
56,06020000,受入,060300000,ホルマリン (31) (t),0024000101,平成24年1月
153,06020000,受入,060300000,ホルマリン (31) (t),0024000202,平成24年2月
455,06020000,受入,060300000,ホルマリン (31) (t),0024000303,平成24年3月
507,06020000,受入,060300000,ホルマリン (31) (t),0024000404,平成24年4月
456,06020000,受入,060300000,ホルマリン (31) (t),0024000505,平成24年5月
405,06020000,受入,060300000,ホルマリン (31) (t),0024000606,平成24年6月
111,06020000,受入,060300000,ホルマリン (31) (t),0024000707,平成24年7月
10,06020000,受入,060300000,ホルマリン (31) (t),0024000808,平成24年8月
253,06020000,受入,060300000,ホルマリン (31) (t),0024000909,平成24年9月
152,06020000,受入,060300000,ホルマリン (31) (t),0024001010,平成24年10月
406,06020000,受入,060300000,ホルマリン (31) (t),0024001111,平成24年11月
223,06020000,受入,060300000,ホルマリン (31) (t),0024001212,平成24年12月
8507,06020000,受入,060310000,塩化メチル (32) (t),0020000000,平成20年
5624,06020000,受入,060310000,塩化メチル (32) (t),0021000000,平成21年
9241,06020000,受入,060310000,塩化メチル (32) (t),0022000000,平成22年
6915,06020000,受入,060310000,塩化メチル (32) (t),0023000000,平成23年
4344,06020000,受入,060310000,塩化メチル (32) (t),0024000000,平成24年
10007,06020000,受入,060310000,塩化メチル (32) (t),0022010000,平成22年度
5949,06020000,受入,060310000,塩化メチル (32) (t),0023010000,平成23年度
1634,06020000,受入,060310000,塩化メチル (32) (t),0024000103,平成24年 1 ～ 3 月
841,06020000,受入,060310000,塩化メチル (32) (t),0024000406,平成24年 4 ～ 6 月
847,06020000,受入,060310000,塩化メチル (32) (t),0024000709,平成24年 7 ～ 9 月
1022,06020000,受入,060310000,塩化メチル (32) (t),0024001012,平成24年 10 ～ 12 月
531,06020000,受入,060310000,塩化メチル (32) (t),0024000101,平成24年1月
462,06020000,受入,060310000,塩化メチル (32) (t),0024000202,平成24年2月
641,06020000,受入,060310000,塩化メチル (32) (t),0024000303,平成24年3月
283,06020000,受入,060310000,塩化メチル (32) (t),0024000404,平成24年4月
289,06020000,受入,060310000,塩化メチル (32) (t),0024000505,平成24年5月
269,06020000,受入,060310000,塩化メチル (32) (t),0024000606,平成24年6月
160,06020000,受入,060310000,塩化メチル (32) (t),0024000707,平成24年7月
369,06020000,受入,060310000,塩化メチル (32) (t),0024000808,平成24年8月
318,06020000,受入,060310000,塩化メチル (32) (t),0024000909,平成24年9月
336,06020000,受入,060310000,塩化メチル (32) (t),0024001010,平成24年10月
304,06020000,受入,060310000,塩化メチル (32) (t),0024001111,平成24年11月
382,06020000,受入,060310000,塩化メチル (32) (t),0024001212,平成24年12月
3611,06020000,受入,060320000,塩化メチレン (33) (t),0020000000,平成20年
4075,06020000,受入,060320000,塩化メチレン (33) (t),0021000000,平成21年
784,06020000,受入,060320000,塩化メチレン (33) (t),0022000000,平成22年
822,06020000,受入,060320000,塩化メチレン (33) (t),0023000000,平成23年
766,06020000,受入,060320000,塩化メチレン (33) (t),0024000000,平成24年
763,06020000,受入,060320000,塩化メチレン (33) (t),0022010000,平成22年度
869,06020000,受入,060320000,塩化メチレン (33) (t),0023010000,平成23年度
201,06020000,受入,060320000,塩化メチレン (33) (t),0024000103,平成24年 1 ～ 3 月
198,06020000,受入,060320000,塩化メチレン (33) (t),0024000406,平成24年 4 ～ 6 月
174,06020000,受入,060320000,塩化メチレン (33) (t),0024000709,平成24年 7 ～ 9 月
193,06020000,受入,060320000,塩化メチレン (33) (t),0024001012,平成24年 10 ～ 12 月
72,06020000,受入,060320000,塩化メチレン (33) (t),0024000101,平成24年1月
56,06020000,受入,060320000,塩化メチレン (33) (t),0024000202,平成24年2月
73,06020000,受入,060320000,塩化メチレン (33) (t),0024000303,平成24年3月
128,06020000,受入,060320000,塩化メチレン (33) (t),0024000404,平成24年4月
16,06020000,受入,060320000,塩化メチレン (33) (t),0024000505,平成24年5月
54,06020000,受入,060320000,塩化メチレン (33) (t),0024000606,平成24年6月
73,06020000,受入,060320000,塩化メチレン (33) (t),0024000707,平成24年7月
83,06020000,受入,060320000,塩化メチレン (33) (t),0024000808,平成24年8月
18,06020000,受入,060320000,塩化メチレン (33) (t),0024000909,平成24年9月
41,06020000,受入,060320000,塩化メチレン (33) (t),0024001010,平成24年10月
107,06020000,受入,060320000,塩化メチレン (33) (t),0024001111,平成24年11月
45,06020000,受入,060320000,塩化メチレン (33) (t),0024001212,平成24年12月
79,06020000,受入,060330000,無水マレイン酸 (34) (t),0020000000,平成20年
-,06020000,受入,060330000,無水マレイン酸 (34) (t),0021000000,平成21年
-,06020000,受入,060330000,無水マレイン酸 (34) (t),0022000000,平成22年
-,06020000,受入,060330000,無水マレイン酸 (34) (t),0023000000,平成23年
115,06020000,受入,060330000,無水マレイン酸 (34) (t),0024000000,平成24年
-,06020000,受入,060330000,無水マレイン酸 (34) (t),0022010000,平成22年度
-,06020000,受入,060330000,無水マレイン酸 (34) (t),0023010000,平成23年度
-,06020000,受入,060330000,無水マレイン酸 (34) (t),0024000103,平成24年 1 ～ 3 月
57,06020000,受入,060330000,無水マレイン酸 (34) (t),0024000406,平成24年 4 ～ 6 月
58,06020000,受入,060330000,無水マレイン酸 (34) (t),0024000709,平成24年 7 ～ 9 月
-,06020000,受入,060330000,無水マレイン酸 (34) (t),0024001012,平成24年 10 ～ 12 月
-,06020000,受入,060330000,無水マレイン酸 (34) (t),0024000101,平成24年1月
-,06020000,受入,060330000,無水マレイン酸 (34) (t),0024000202,平成24年2月
-,06020000,受入,060330000,無水マレイン酸 (34) (t),0024000303,平成24年3月
-,06020000,受入,060330000,無水マレイン酸 (34) (t),0024000404,平成24年4月
-,06020000,受入,060330000,無水マレイン酸 (34) (t),0024000505,平成24年5月
57,06020000,受入,060330000,無水マレイン酸 (34) (t),0024000606,平成24年6月
58,06020000,受入,060330000,無水マレイン酸 (34) (t),0024000707,平成24年7月
-,06020000,受入,060330000,無水マレイン酸 (34) (t),0024000808,平成24年8月
-,06020000,受入,060330000,無水マレイン酸 (34) (t),0024000909,平成24年9月
-,06020000,受入,060330000,無水マレイン酸 (34) (t),0024001010,平成24年10月
-,06020000,受入,060330000,無水マレイン酸 (34) (t),0024001111,平成24年11月
-,06020000,受入,060330000,無水マレイン酸 (34) (t),0024001212,平成24年12月
35,06020000,受入,060340000,メラミン (35) (t),0020000000,平成20年
-,06020000,受入,060340000,メラミン (35) (t),0021000000,平成21年
10,06020000,受入,060340000,メラミン (35) (t),0022000000,平成22年
X,06020000,受入,060340000,メラミン (35) (t),0023000000,平成23年
X,06020000,受入,060340000,メラミン (35) (t),0024000000,平成24年
X,06020000,受入,060340000,メラミン (35) (t),0022010000,平成22年度
X,06020000,受入,060340000,メラミン (35) (t),0023010000,平成23年度
X,06020000,受入,060340000,メラミン (35) (t),0024000103,平成24年 1 ～ 3 月
X,06020000,受入,060340000,メラミン (35) (t),0024000406,平成24年 4 ～ 6 月
X,06020000,受入,060340000,メラミン (35) (t),0024000709,平成24年 7 ～ 9 月
X,06020000,受入,060340000,メラミン (35) (t),0024001012,平成24年 10 ～ 12 月
X,06020000,受入,060340000,メラミン (35) (t),0024000101,平成24年1月
X,06020000,受入,060340000,メラミン (35) (t),0024000202,平成24年2月
X,06020000,受入,060340000,メラミン (35) (t),0024000303,平成24年3月
X,06020000,受入,060340000,メラミン (35) (t),0024000404,平成24年4月
X,06020000,受入,060340000,メラミン (35) (t),0024000505,平成24年5月
X,06020000,受入,060340000,メラミン (35) (t),0024000606,平成24年6月
X,06020000,受入,060340000,メラミン (35) (t),0024000707,平成24年7月
X,06020000,受入,060340000,メラミン (35) (t),0024000808,平成24年8月
X,06020000,受入,060340000,メラミン (35) (t),0024000909,平成24年9月
X,06020000,受入,060340000,メラミン (35) (t),0024001010,平成24年10月
X,06020000,受入,060340000,メラミン (35) (t),0024001111,平成24年11月
X,06020000,受入,060340000,メラミン (35) (t),0024001212,平成24年12月
4536,06020000,受入,060351000,可塑剤 フタル酸系可塑剤 (36) (t),0020000000,平成20年
1927,06020000,受入,060351000,可塑剤 フタル酸系可塑剤 (36) (t),0021000000,平成21年
7629,06020000,受入,060351000,可塑剤 フタル酸系可塑剤 (36) (t),0022000000,平成22年
8990,06020000,受入,060351000,可塑剤 フタル酸系可塑剤 (36) (t),0023000000,平成23年
5285,06020000,受入,060351000,可塑剤 フタル酸系可塑剤 (36) (t),0024000000,平成24年
8154,06020000,受入,060351000,可塑剤 フタル酸系可塑剤 (36) (t),0022010000,平成22年度
7435,06020000,受入,060351000,可塑剤 フタル酸系可塑剤 (36) (t),0023010000,平成23年度
305,06020000,受入,060351000,可塑剤 フタル酸系可塑剤 (36) (t),0024000103,平成24年 1 ～ 3 月
1328,06020000,受入,060351000,可塑剤 フタル酸系可塑剤 (36) (t),0024000406,平成24年 4 ～ 6 月
2240,06020000,受入,060351000,可塑剤 フタル酸系可塑剤 (36) (t),0024000709,平成24年 7 ～ 9 月
1412,06020000,受入,060351000,可塑剤 フタル酸系可塑剤 (36) (t),0024001012,平成24年 10 ～ 12 月
85,06020000,受入,060351000,可塑剤 フタル酸系可塑剤 (36) (t),0024000101,平成24年1月
101,06020000,受入,060351000,可塑剤 フタル酸系可塑剤 (36) (t),0024000202,平成24年2月
119,06020000,受入,060351000,可塑剤 フタル酸系可塑剤 (36) (t),0024000303,平成24年3月
130,06020000,受入,060351000,可塑剤 フタル酸系可塑剤 (36) (t),0024000404,平成24年4月
113,06020000,受入,060351000,可塑剤 フタル酸系可塑剤 (36) (t),0024000505,平成24年5月
1085,06020000,受入,060351000,可塑剤 フタル酸系可塑剤 (36) (t),0024000606,平成24年6月
1013,06020000,受入,060351000,可塑剤 フタル酸系可塑剤 (36) (t),0024000707,平成24年7月
121,06020000,受入,060351000,可塑剤 フタル酸系可塑剤 (36) (t),0024000808,平成24年8月
1106,06020000,受入,060351000,可塑剤 フタル酸系可塑剤 (36) (t),0024000909,平成24年9月
105,06020000,受入,060351000,可塑剤 フタル酸系可塑剤 (36) (t),0024001010,平成24年10月
1234,06020000,受入,060351000,可塑剤 フタル酸系可塑剤 (36) (t),0024001111,平成24年11月
73,06020000,受入,060351000,可塑剤 フタル酸系可塑剤 (36) (t),0024001212,平成24年12月
2201,06020000,受入,060352000,可塑剤 りん酸系可塑剤 (37) (t),0020000000,平成20年
799,06020000,受入,060352000,可塑剤 りん酸系可塑剤 (37) (t),0021000000,平成21年
428,06020000,受入,060352000,可塑剤 りん酸系可塑剤 (37) (t),0022000000,平成22年
358,06020000,受入,060352000,可塑剤 りん酸系可塑剤 (37) (t),0023000000,平成23年
1423,06020000,受入,060352000,可塑剤 りん酸系可塑剤 (37) (t),0024000000,平成24年
449,06020000,受入,060352000,可塑剤 りん酸系可塑剤 (37) (t),0022010000,平成22年度
446,06020000,受入,060352000,可塑剤 りん酸系可塑剤 (37) (t),0023010000,平成23年度
182,06020000,受入,060352000,可塑剤 りん酸系可塑剤 (37) (t),0024000103,平成24年 1 ～ 3 月
487,06020000,受入,060352000,可塑剤 りん酸系可塑剤 (37) (t),0024000406,平成24年 4 ～ 6 月
400,06020000,受入,060352000,可塑剤 りん酸系可塑剤 (37) (t),0024000709,平成24年 7 ～ 9 月
354,06020000,受入,060352000,可塑剤 りん酸系可塑剤 (37) (t),0024001012,平成24年 10 ～ 12 月
43,06020000,受入,060352000,可塑剤 りん酸系可塑剤 (37) (t),0024000101,平成24年1月
44,06020000,受入,060352000,可塑剤 りん酸系可塑剤 (37) (t),0024000202,平成24年2月
95,06020000,受入,060352000,可塑剤 りん酸系可塑剤 (37) (t),0024000303,平成24年3月
149,06020000,受入,060352000,可塑剤 りん酸系可塑剤 (37) (t),0024000404,平成24年4月
192,06020000,受入,060352000,可塑剤 りん酸系可塑剤 (37) (t),0024000505,平成24年5月
146,06020000,受入,060352000,可塑剤 りん酸系可塑剤 (37) (t),0024000606,平成24年6月
195,06020000,受入,060352000,可塑剤 りん酸系可塑剤 (37) (t),0024000707,平成24年7月
35,06020000,受入,060352000,可塑剤 りん酸系可塑剤 (37) (t),0024000808,平成24年8月
170,06020000,受入,060352000,可塑剤 りん酸系可塑剤 (37) (t),0024000909,平成24年9月
107,06020000,受入,060352000,可塑剤 りん酸系可塑剤 (37) (t),0024001010,平成24年10月
171,06020000,受入,060352000,可塑剤 りん酸系可塑剤 (37) (t),0024001111,平成24年11月
76,06020000,受入,060352000,可塑剤 りん酸系可塑剤 (37) (t),0024001212,平成24年12月
1978,06020000,受入,060353000,可塑剤 エポキシ系可塑剤 (38) (t),0020000000,平成20年
1916,06020000,受入,060353000,可塑剤 エポキシ系可塑剤 (38) (t),0021000000,平成21年
2329,06020000,受入,060353000,可塑剤 エポキシ系可塑剤 (38) (t),0022000000,平成22年
2910,06020000,受入,060353000,可塑剤 エポキシ系可塑剤 (38) (t),0023000000,平成23年
3011,06020000,受入,060353000,可塑剤 エポキシ系可塑剤 (38) (t),0024000000,平成24年
2384,06020000,受入,060353000,可塑剤 エポキシ系可塑剤 (38) (t),0022010000,平成22年度
3006,06020000,受入,060353000,可塑剤 エポキシ系可塑剤 (38) (t),0023010000,平成23年度
714,06020000,受入,060353000,可塑剤 エポキシ系可塑剤 (38) (t),0024000103,平成24年 1 ～ 3 月
745,06020000,受入,060353000,可塑剤 エポキシ系可塑剤 (38) (t),0024000406,平成24年 4 ～ 6 月
783,06020000,受入,060353000,可塑剤 エポキシ系可塑剤 (38) (t),0024000709,平成24年 7 ～ 9 月
769,06020000,受入,060353000,可塑剤 エポキシ系可塑剤 (38) (t),0024001012,平成24年 10 ～ 12 月
238,06020000,受入,060353000,可塑剤 エポキシ系可塑剤 (38) (t),0024000101,平成24年1月
208,06020000,受入,060353000,可塑剤 エポキシ系可塑剤 (38) (t),0024000202,平成24年2月
268,06020000,受入,060353000,可塑剤 エポキシ系可塑剤 (38) (t),0024000303,平成24年3月
226,06020000,受入,060353000,可塑剤 エポキシ系可塑剤 (38) (t),0024000404,平成24年4月
232,06020000,受入,060353000,可塑剤 エポキシ系可塑剤 (38) (t),0024000505,平成24年5月
287,06020000,受入,060353000,可塑剤 エポキシ系可塑剤 (38) (t),0024000606,平成24年6月
265,06020000,受入,060353000,可塑剤 エポキシ系可塑剤 (38) (t),0024000707,平成24年7月
249,06020000,受入,060353000,可塑剤 エポキシ系可塑剤 (38) (t),0024000808,平成24年8月
269,06020000,受入,060353000,可塑剤 エポキシ系可塑剤 (38) (t),0024000909,平成24年9月
272,06020000,受入,060353000,可塑剤 エポキシ系可塑剤 (38) (t),0024001010,平成24年10月
269,06020000,受入,060353000,可塑剤 エポキシ系可塑剤 (38) (t),0024001111,平成24年11月
228,06020000,受入,060353000,可塑剤 エポキシ系可塑剤 (38) (t),0024001212,平成24年12月
2392408,06030000,消費,060010000,エチレン (1) (t),0020000000,平成20年
2215769,06030000,消費,060010000,エチレン (1) (t),0021000000,平成21年
2305123,06030000,消費,060010000,エチレン (1) (t),0022000000,平成22年
2018180,06030000,消費,060010000,エチレン (1) (t),0023000000,平成23年
1923489,06030000,消費,060010000,エチレン (1) (t),0024000000,平成24年
2284770,06030000,消費,060010000,エチレン (1) (t),0022010000,平成22年度
1928014,06030000,消費,060010000,エチレン (1) (t),0023010000,平成23年度
474443,06030000,消費,060010000,エチレン (1) (t),0024000103,平成24年 1 ～ 3 月
424447,06030000,消費,060010000,エチレン (1) (t),0024000406,平成24年 4 ～ 6 月
512267,06030000,消費,060010000,エチレン (1) (t),0024000709,平成24年 7 ～ 9 月
512332,06030000,消費,060010000,エチレン (1) (t),0024001012,平成24年 10 ～ 12 月
173535,06030000,消費,060010000,エチレン (1) (t),0024000101,平成24年1月
157248,06030000,消費,060010000,エチレン (1) (t),0024000202,平成24年2月
143660,06030000,消費,060010000,エチレン (1) (t),0024000303,平成24年3月
144108,06030000,消費,060010000,エチレン (1) (t),0024000404,平成24年4月
150408,06030000,消費,060010000,エチレン (1) (t),0024000505,平成24年5月
129931,06030000,消費,060010000,エチレン (1) (t),0024000606,平成24年6月
178932,06030000,消費,060010000,エチレン (1) (t),0024000707,平成24年7月
174396,06030000,消費,060010000,エチレン (1) (t),0024000808,平成24年8月
158939,06030000,消費,060010000,エチレン (1) (t),0024000909,平成24年9月
153963,06030000,消費,060010000,エチレン (1) (t),0024001010,平成24年10月
172051,06030000,消費,060010000,エチレン (1) (t),0024001111,平成24年11月
186318,06030000,消費,060010000,エチレン (1) (t),0024001212,平成24年12月
593943,06030000,消費,060020000,酸化エチレン (2) (t),0020000000,平成20年
545120,06030000,消費,060020000,酸化エチレン (2) (t),0021000000,平成21年
567125,06030000,消費,060020000,酸化エチレン (2) (t),0022000000,平成22年
545406,06030000,消費,060020000,酸化エチレン (2) (t),0023000000,平成23年
579530,06030000,消費,060020000,酸化エチレン (2) (t),0024000000,平成24年
561237,06030000,消費,060020000,酸化エチレン (2) (t),0022010000,平成22年度
572033,06030000,消費,060020000,酸化エチレン (2) (t),0023010000,平成23年度
165275,06030000,消費,060020000,酸化エチレン (2) (t),0024000103,平成24年 1 ～ 3 月
94993,06030000,消費,060020000,酸化エチレン (2) (t),0024000406,平成24年 4 ～ 6 月
149046,06030000,消費,060020000,酸化エチレン (2) (t),0024000709,平成24年 7 ～ 9 月
170216,06030000,消費,060020000,酸化エチレン (2) (t),0024001012,平成24年 10 ～ 12 月
54102,06030000,消費,060020000,酸化エチレン (2) (t),0024000101,平成24年1月
56857,06030000,消費,060020000,酸化エチレン (2) (t),0024000202,平成24年2月
54316,06030000,消費,060020000,酸化エチレン (2) (t),0024000303,平成24年3月
36302,06030000,消費,060020000,酸化エチレン (2) (t),0024000404,平成24年4月
34316,06030000,消費,060020000,酸化エチレン (2) (t),0024000505,平成24年5月
24375,06030000,消費,060020000,酸化エチレン (2) (t),0024000606,平成24年6月
50553,06030000,消費,060020000,酸化エチレン (2) (t),0024000707,平成24年7月
54342,06030000,消費,060020000,酸化エチレン (2) (t),0024000808,平成24年8月
44151,06030000,消費,060020000,酸化エチレン (2) (t),0024000909,平成24年9月
55591,06030000,消費,060020000,酸化エチレン (2) (t),0024001010,平成24年10月
57845,06030000,消費,060020000,酸化エチレン (2) (t),0024001111,平成24年11月
56780,06030000,消費,060020000,酸化エチレン (2) (t),0024001212,平成24年12月
12089,06030000,消費,060030000,エチレングリコール (3) (t),0020000000,平成20年
10971,06030000,消費,060030000,エチレングリコール (3) (t),0021000000,平成21年
18526,06030000,消費,060030000,エチレングリコール (3) (t),0022000000,平成22年
23003,06030000,消費,060030000,エチレングリコール (3) (t),0023000000,平成23年
21347,06030000,消費,060030000,エチレングリコール (3) (t),0024000000,平成24年
18865,06030000,消費,060030000,エチレングリコール (3) (t),0022010000,平成22年度
21497,06030000,消費,060030000,エチレングリコール (3) (t),0023010000,平成23年度
1972,06030000,消費,060030000,エチレングリコール (3) (t),0024000103,平成24年 1 ～ 3 月
4638,06030000,消費,060030000,エチレングリコール (3) (t),0024000406,平成24年 4 ～ 6 月
6424,06030000,消費,060030000,エチレングリコール (3) (t),0024000709,平成24年 7 ～ 9 月
8313,06030000,消費,060030000,エチレングリコール (3) (t),0024001012,平成24年 10 ～ 12 月
1066,06030000,消費,060030000,エチレングリコール (3) (t),0024000101,平成24年1月
697,06030000,消費,060030000,エチレングリコール (3) (t),0024000202,平成24年2月
209,06030000,消費,060030000,エチレングリコール (3) (t),0024000303,平成24年3月
826,06030000,消費,060030000,エチレングリコール (3) (t),0024000404,平成24年4月
1916,06030000,消費,060030000,エチレングリコール (3) (t),0024000505,平成24年5月
1896,06030000,消費,060030000,エチレングリコール (3) (t),0024000606,平成24年6月
2440,06030000,消費,060030000,エチレングリコール (3) (t),0024000707,平成24年7月
2287,06030000,消費,060030000,エチレングリコール (3) (t),0024000808,平成24年8月
1697,06030000,消費,060030000,エチレングリコール (3) (t),0024000909,平成24年9月
2641,06030000,消費,060030000,エチレングリコール (3) (t),0024001010,平成24年10月
2790,06030000,消費,060030000,エチレングリコール (3) (t),0024001111,平成24年11月
2882,06030000,消費,060030000,エチレングリコール (3) (t),0024001212,平成24年12月
28159,06030000,消費,060040000,エチレングリコールエーテル (4) (t),0020000000,平成20年
23416,06030000,消費,060040000,エチレングリコールエーテル (4) (t),0021000000,平成21年
42324,06030000,消費,060040000,エチレングリコールエーテル (4) (t),0022000000,平成22年
23909,06030000,消費,060040000,エチレングリコールエーテル (4) (t),0023000000,平成23年
15280,06030000,消費,060040000,エチレングリコールエーテル (4) (t),0024000000,平成24年
42484,06030000,消費,060040000,エチレングリコールエーテル (4) (t),0022010000,平成22年度
20094,06030000,消費,060040000,エチレングリコールエーテル (4) (t),0023010000,平成23年度
4207,06030000,消費,060040000,エチレングリコールエーテル (4) (t),0024000103,平成24年 1 ～ 3 月
4013,06030000,消費,060040000,エチレングリコールエーテル (4) (t),0024000406,平成24年 4 ～ 6 月
3148,06030000,消費,060040000,エチレングリコールエーテル (4) (t),0024000709,平成24年 7 ～ 9 月
3912,06030000,消費,060040000,エチレングリコールエーテル (4) (t),0024001012,平成24年 10 ～ 12 月
1383,06030000,消費,060040000,エチレングリコールエーテル (4) (t),0024000101,平成24年1月
1801,06030000,消費,060040000,エチレングリコールエーテル (4) (t),0024000202,平成24年2月
1023,06030000,消費,060040000,エチレングリコールエーテル (4) (t),0024000303,平成24年3月
1234,06030000,消費,060040000,エチレングリコールエーテル (4) (t),0024000404,平成24年4月
1027,06030000,消費,060040000,エチレングリコールエーテル (4) (t),0024000505,平成24年5月
1752,06030000,消費,060040000,エチレングリコールエーテル (4) (t),0024000606,平成24年6月
1333,06030000,消費,060040000,エチレングリコールエーテル (4) (t),0024000707,平成24年7月
1096,06030000,消費,060040000,エチレングリコールエーテル (4) (t),0024000808,平成24年8月
719,06030000,消費,060040000,エチレングリコールエーテル (4) (t),0024000909,平成24年9月
1291,06030000,消費,060040000,エチレングリコールエーテル (4) (t),0024001010,平成24年10月
1603,06030000,消費,060040000,エチレングリコールエーテル (4) (t),0024001111,平成24年11月
1018,06030000,消費,060040000,エチレングリコールエーテル (4) (t),0024001212,平成24年12月
90177,06030000,消費,060050000,アセトアルデヒド (5) (t),0020000000,平成20年
66633,06030000,消費,060050000,アセトアルデヒド (5) (t),0021000000,平成21年
52392,06030000,消費,060050000,アセトアルデヒド (5) (t),0022000000,平成22年
27552,06030000,消費,060050000,アセトアルデヒド (5) (t),0023000000,平成23年
26036,06030000,消費,060050000,アセトアルデヒド (5) (t),0024000000,平成24年
35369,06030000,消費,060050000,アセトアルデヒド (5) (t),0022010000,平成22年度
27439,06030000,消費,060050000,アセトアルデヒド (5) (t),0023010000,平成23年度
6164,06030000,消費,060050000,アセトアルデヒド (5) (t),0024000103,平成24年 1 ～ 3 月
5038,06030000,消費,060050000,アセトアルデヒド (5) (t),0024000406,平成24年 4 ～ 6 月
7381,06030000,消費,060050000,アセトアルデヒド (5) (t),0024000709,平成24年 7 ～ 9 月
7453,06030000,消費,060050000,アセトアルデヒド (5) (t),0024001012,平成24年 10 ～ 12 月
3073,06030000,消費,060050000,アセトアルデヒド (5) (t),0024000101,平成24年1月
2651,06030000,消費,060050000,アセトアルデヒド (5) (t),0024000202,平成24年2月
440,06030000,消費,060050000,アセトアルデヒド (5) (t),0024000303,平成24年3月
192,06030000,消費,060050000,アセトアルデヒド (5) (t),0024000404,平成24年4月
2800,06030000,消費,060050000,アセトアルデヒド (5) (t),0024000505,平成24年5月
2046,06030000,消費,060050000,アセトアルデヒド (5) (t),0024000606,平成24年6月
2687,06030000,消費,060050000,アセトアルデヒド (5) (t),0024000707,平成24年7月
2482,06030000,消費,060050000,アセトアルデヒド (5) (t),0024000808,平成24年8月
2212,06030000,消費,060050000,アセトアルデヒド (5) (t),0024000909,平成24年9月
2536,06030000,消費,060050000,アセトアルデヒド (5) (t),0024001010,平成24年10月
2813,06030000,消費,060050000,アセトアルデヒド (5) (t),0024001111,平成24年11月
2104,06030000,消費,060050000,アセトアルデヒド (5) (t),0024001212,平成24年12月
181799,06030000,消費,060060000,酢酸（99%換算） (6) (t),0020000000,平成20年
160435,06030000,消費,060060000,酢酸（99%換算） (6) (t),0021000000,平成21年
177650,06030000,消費,060060000,酢酸（99%換算） (6) (t),0022000000,平成22年
178541,06030000,消費,060060000,酢酸（99%換算） (6) (t),0023000000,平成23年
152478,06030000,消費,060060000,酢酸（99%換算） (6) (t),0024000000,平成24年
177176,06030000,消費,060060000,酢酸（99%換算） (6) (t),0022010000,平成22年度
164377,06030000,消費,060060000,酢酸（99%換算） (6) (t),0023010000,平成23年度
28834,06030000,消費,060060000,酢酸（99%換算） (6) (t),0024000103,平成24年 1 ～ 3 月
35691,06030000,消費,060060000,酢酸（99%換算） (6) (t),0024000406,平成24年 4 ～ 6 月
45640,06030000,消費,060060000,酢酸（99%換算） (6) (t),0024000709,平成24年 7 ～ 9 月
42313,06030000,消費,060060000,酢酸（99%換算） (6) (t),0024001012,平成24年 10 ～ 12 月
13719,06030000,消費,060060000,酢酸（99%換算） (6) (t),0024000101,平成24年1月
11217,06030000,消費,060060000,酢酸（99%換算） (6) (t),0024000202,平成24年2月
3898,06030000,消費,060060000,酢酸（99%換算） (6) (t),0024000303,平成24年3月
10851,06030000,消費,060060000,酢酸（99%換算） (6) (t),0024000404,平成24年4月
12092,06030000,消費,060060000,酢酸（99%換算） (6) (t),0024000505,平成24年5月
12748,06030000,消費,060060000,酢酸（99%換算） (6) (t),0024000606,平成24年6月
14865,06030000,消費,060060000,酢酸（99%換算） (6) (t),0024000707,平成24年7月
15297,06030000,消費,060060000,酢酸（99%換算） (6) (t),0024000808,平成24年8月
15478,06030000,消費,060060000,酢酸（99%換算） (6) (t),0024000909,平成24年9月
11040,06030000,消費,060060000,酢酸（99%換算） (6) (t),0024001010,平成24年10月
13145,06030000,消費,060060000,酢酸（99%換算） (6) (t),0024001111,平成24年11月
18128,06030000,消費,060060000,酢酸（99%換算） (6) (t),0024001212,平成24年12月
2377,06030000,消費,060070000,酢酸エチル (7) (t),0020000000,平成20年
1771,06030000,消費,060070000,酢酸エチル (7) (t),0021000000,平成21年
1840,06030000,消費,060070000,酢酸エチル (7) (t),0022000000,平成22年
X,06030000,消費,060070000,酢酸エチル (7) (t),0023000000,平成23年
X,06030000,消費,060070000,酢酸エチル (7) (t),0024000000,平成24年
X,06030000,消費,060070000,酢酸エチル (7) (t),0022010000,平成22年度
X,06030000,消費,060070000,酢酸エチル (7) (t),0023010000,平成23年度
X,06030000,消費,060070000,酢酸エチル (7) (t),0024000103,平成24年 1 ～ 3 月
X,06030000,消費,060070000,酢酸エチル (7) (t),0024000406,平成24年 4 ～ 6 月
X,06030000,消費,060070000,酢酸エチル (7) (t),0024000709,平成24年 7 ～ 9 月
X,06030000,消費,060070000,酢酸エチル (7) (t),0024001012,平成24年 10 ～ 12 月
X,06030000,消費,060070000,酢酸エチル (7) (t),0024000101,平成24年1月
X,06030000,消費,060070000,酢酸エチル (7) (t),0024000202,平成24年2月
X,06030000,消費,060070000,酢酸エチル (7) (t),0024000303,平成24年3月
X,06030000,消費,060070000,酢酸エチル (7) (t),0024000404,平成24年4月
X,06030000,消費,060070000,酢酸エチル (7) (t),0024000505,平成24年5月
X,06030000,消費,060070000,酢酸エチル (7) (t),0024000606,平成24年6月
X,06030000,消費,060070000,酢酸エチル (7) (t),0024000707,平成24年7月
X,06030000,消費,060070000,酢酸エチル (7) (t),0024000808,平成24年8月
X,06030000,消費,060070000,酢酸エチル (7) (t),0024000909,平成24年9月
X,06030000,消費,060070000,酢酸エチル (7) (t),0024001010,平成24年10月
X,06030000,消費,060070000,酢酸エチル (7) (t),0024001111,平成24年11月
X,06030000,消費,060070000,酢酸エチル (7) (t),0024001212,平成24年12月
13631,06030000,消費,060080000,合成高級アルコール（C9以上のもの） (8) (t),0020000000,平成20年
10907,06030000,消費,060080000,合成高級アルコール（C9以上のもの） (8) (t),0021000000,平成21年
20003,06030000,消費,060080000,合成高級アルコール（C9以上のもの） (8) (t),0022000000,平成22年
X,06030000,消費,060080000,合成高級アルコール（C9以上のもの） (8) (t),0023000000,平成23年
X,06030000,消費,060080000,合成高級アルコール（C9以上のもの） (8) (t),0024000000,平成24年
X,06030000,消費,060080000,合成高級アルコール（C9以上のもの） (8) (t),0022010000,平成22年度
X,06030000,消費,060080000,合成高級アルコール（C9以上のもの） (8) (t),0023010000,平成23年度
X,06030000,消費,060080000,合成高級アルコール（C9以上のもの） (8) (t),0024000103,平成24年 1 ～ 3 月
X,06030000,消費,060080000,合成高級アルコール（C9以上のもの） (8) (t),0024000406,平成24年 4 ～ 6 月
X,06030000,消費,060080000,合成高級アルコール（C9以上のもの） (8) (t),0024000709,平成24年 7 ～ 9 月
X,06030000,消費,060080000,合成高級アルコール（C9以上のもの） (8) (t),0024001012,平成24年 10 ～ 12 月
X,06030000,消費,060080000,合成高級アルコール（C9以上のもの） (8) (t),0024000101,平成24年1月
X,06030000,消費,060080000,合成高級アルコール（C9以上のもの） (8) (t),0024000202,平成24年2月
X,06030000,消費,060080000,合成高級アルコール（C9以上のもの） (8) (t),0024000303,平成24年3月
X,06030000,消費,060080000,合成高級アルコール（C9以上のもの） (8) (t),0024000404,平成24年4月
X,06030000,消費,060080000,合成高級アルコール（C9以上のもの） (8) (t),0024000505,平成24年5月
X,06030000,消費,060080000,合成高級アルコール（C9以上のもの） (8) (t),0024000606,平成24年6月
X,06030000,消費,060080000,合成高級アルコール（C9以上のもの） (8) (t),0024000707,平成24年7月
X,06030000,消費,060080000,合成高級アルコール（C9以上のもの） (8) (t),0024000808,平成24年8月
X,06030000,消費,060080000,合成高級アルコール（C9以上のもの） (8) (t),0024000909,平成24年9月
X,06030000,消費,060080000,合成高級アルコール（C9以上のもの） (8) (t),0024001010,平成24年10月
X,06030000,消費,060080000,合成高級アルコール（C9以上のもの） (8) (t),0024001111,平成24年11月
X,06030000,消費,060080000,合成高級アルコール（C9以上のもの） (8) (t),0024001212,平成24年12月
3047008,06030000,消費,060090000,二塩化エチレン (9) (t),0020000000,平成20年
3310867,06030000,消費,060090000,二塩化エチレン (9) (t),0021000000,平成21年
3282450,06030000,消費,060090000,二塩化エチレン (9) (t),0022000000,平成22年
2889450,06030000,消費,060090000,二塩化エチレン (9) (t),0023000000,平成23年
2514913,06030000,消費,060090000,二塩化エチレン (9) (t),0024000000,平成24年
3192407,06030000,消費,060090000,二塩化エチレン (9) (t),0022010000,平成22年度
2780582,06030000,消費,060090000,二塩化エチレン (9) (t),0023010000,平成23年度
673442,06030000,消費,060090000,二塩化エチレン (9) (t),0024000103,平成24年 1 ～ 3 月
537646,06030000,消費,060090000,二塩化エチレン (9) (t),0024000406,平成24年 4 ～ 6 月
703397,06030000,消費,060090000,二塩化エチレン (9) (t),0024000709,平成24年 7 ～ 9 月
600428,06030000,消費,060090000,二塩化エチレン (9) (t),0024001012,平成24年 10 ～ 12 月
230337,06030000,消費,060090000,二塩化エチレン (9) (t),0024000101,平成24年1月
219055,06030000,消費,060090000,二塩化エチレン (9) (t),0024000202,平成24年2月
224050,06030000,消費,060090000,二塩化エチレン (9) (t),0024000303,平成24年3月
231759,06030000,消費,060090000,二塩化エチレン (9) (t),0024000404,平成24年4月
156571,06030000,消費,060090000,二塩化エチレン (9) (t),0024000505,平成24年5月
149316,06030000,消費,060090000,二塩化エチレン (9) (t),0024000606,平成24年6月
199289,06030000,消費,060090000,二塩化エチレン (9) (t),0024000707,平成24年7月
256189,06030000,消費,060090000,二塩化エチレン (9) (t),0024000808,平成24年8月
247919,06030000,消費,060090000,二塩化エチレン (9) (t),0024000909,平成24年9月
191951,06030000,消費,060090000,二塩化エチレン (9) (t),0024001010,平成24年10月
166615,06030000,消費,060090000,二塩化エチレン (9) (t),0024001111,平成24年11月
241862,06030000,消費,060090000,二塩化エチレン (9) (t),0024001212,平成24年12月
1760125,06030000,消費,060100000,プロピレン (10) (t),0020000000,平成20年
1751459,06030000,消費,060100000,プロピレン (10) (t),0021000000,平成21年
1992222,06030000,消費,060100000,プロピレン (10) (t),0022000000,平成22年
1806478,06030000,消費,060100000,プロピレン (10) (t),0023000000,平成23年
1808038,06030000,消費,060100000,プロピレン (10) (t),0024000000,平成24年
1957915,06030000,消費,060100000,プロピレン (10) (t),0022010000,平成22年度
1788607,06030000,消費,060100000,プロピレン (10) (t),0023010000,平成23年度
484967,06030000,消費,060100000,プロピレン (10) (t),0024000103,平成24年 1 ～ 3 月
409385,06030000,消費,060100000,プロピレン (10) (t),0024000406,平成24年 4 ～ 6 月
474939,06030000,消費,060100000,プロピレン (10) (t),0024000709,平成24年 7 ～ 9 月
438747,06030000,消費,060100000,プロピレン (10) (t),0024001012,平成24年 10 ～ 12 月
172133,06030000,消費,060100000,プロピレン (10) (t),0024000101,平成24年1月
155166,06030000,消費,060100000,プロピレン (10) (t),0024000202,平成24年2月
157668,06030000,消費,060100000,プロピレン (10) (t),0024000303,平成24年3月
173285,06030000,消費,060100000,プロピレン (10) (t),0024000404,平成24年4月
136380,06030000,消費,060100000,プロピレン (10) (t),0024000505,平成24年5月
99720,06030000,消費,060100000,プロピレン (10) (t),0024000606,平成24年6月
150477,06030000,消費,060100000,プロピレン (10) (t),0024000707,平成24年7月
167652,06030000,消費,060100000,プロピレン (10) (t),0024000808,平成24年8月
156810,06030000,消費,060100000,プロピレン (10) (t),0024000909,平成24年9月
146820,06030000,消費,060100000,プロピレン (10) (t),0024001010,平成24年10月
135599,06030000,消費,060100000,プロピレン (10) (t),0024001111,平成24年11月
156328,06030000,消費,060100000,プロピレン (10) (t),0024001212,平成24年12月
23525,06030000,消費,060110000,酸化プロピレン (11) (t),0020000000,平成20年
77151,06030000,消費,060110000,酸化プロピレン (11) (t),0021000000,平成21年
113712,06030000,消費,060110000,酸化プロピレン (11) (t),0022000000,平成22年
100378,06030000,消費,060110000,酸化プロピレン (11) (t),0023000000,平成23年
92176,06030000,消費,060110000,酸化プロピレン (11) (t),0024000000,平成24年
108279,06030000,消費,060110000,酸化プロピレン (11) (t),0022010000,平成22年度
106445,06030000,消費,060110000,酸化プロピレン (11) (t),0023010000,平成23年度
32555,06030000,消費,060110000,酸化プロピレン (11) (t),0024000103,平成24年 1 ～ 3 月
17137,06030000,消費,060110000,酸化プロピレン (11) (t),0024000406,平成24年 4 ～ 6 月
22418,06030000,消費,060110000,酸化プロピレン (11) (t),0024000709,平成24年 7 ～ 9 月
20066,06030000,消費,060110000,酸化プロピレン (11) (t),0024001012,平成24年 10 ～ 12 月
12915,06030000,消費,060110000,酸化プロピレン (11) (t),0024000101,平成24年1月
10151,06030000,消費,060110000,酸化プロピレン (11) (t),0024000202,平成24年2月
9489,06030000,消費,060110000,酸化プロピレン (11) (t),0024000303,平成24年3月
8677,06030000,消費,060110000,酸化プロピレン (11) (t),0024000404,平成24年4月
4983,06030000,消費,060110000,酸化プロピレン (11) (t),0024000505,平成24年5月
3477,06030000,消費,060110000,酸化プロピレン (11) (t),0024000606,平成24年6月
6082,06030000,消費,060110000,酸化プロピレン (11) (t),0024000707,平成24年7月
6063,06030000,消費,060110000,酸化プロピレン (11) (t),0024000808,平成24年8月
10273,06030000,消費,060110000,酸化プロピレン (11) (t),0024000909,平成24年9月
4995,06030000,消費,060110000,酸化プロピレン (11) (t),0024001010,平成24年10月
6345,06030000,消費,060110000,酸化プロピレン (11) (t),0024001111,平成24年11月
8726,06030000,消費,060110000,酸化プロピレン (11) (t),0024001212,平成24年12月
2688,06030000,消費,060120000,プロピレングリコール (12) (t),0020000000,平成20年
1361,06030000,消費,060120000,プロピレングリコール (12) (t),0021000000,平成21年
1389,06030000,消費,060120000,プロピレングリコール (12) (t),0022000000,平成22年
969,06030000,消費,060120000,プロピレングリコール (12) (t),0023000000,平成23年
968,06030000,消費,060120000,プロピレングリコール (12) (t),0024000000,平成24年
1339,06030000,消費,060120000,プロピレングリコール (12) (t),0022010000,平成22年度
888,06030000,消費,060120000,プロピレングリコール (12) (t),0023010000,平成23年度
187,06030000,消費,060120000,プロピレングリコール (12) (t),0024000103,平成24年 1 ～ 3 月
316,06030000,消費,060120000,プロピレングリコール (12) (t),0024000406,平成24年 4 ～ 6 月
218,06030000,消費,060120000,プロピレングリコール (12) (t),0024000709,平成24年 7 ～ 9 月
247,06030000,消費,060120000,プロピレングリコール (12) (t),0024001012,平成24年 10 ～ 12 月
77,06030000,消費,060120000,プロピレングリコール (12) (t),0024000101,平成24年1月
72,06030000,消費,060120000,プロピレングリコール (12) (t),0024000202,平成24年2月
38,06030000,消費,060120000,プロピレングリコール (12) (t),0024000303,平成24年3月
103,06030000,消費,060120000,プロピレングリコール (12) (t),0024000404,平成24年4月
132,06030000,消費,060120000,プロピレングリコール (12) (t),0024000505,平成24年5月
81,06030000,消費,060120000,プロピレングリコール (12) (t),0024000606,平成24年6月
63,06030000,消費,060120000,プロピレングリコール (12) (t),0024000707,平成24年7月
69,06030000,消費,060120000,プロピレングリコール (12) (t),0024000808,平成24年8月
86,06030000,消費,060120000,プロピレングリコール (12) (t),0024000909,平成24年9月
76,06030000,消費,060120000,プロピレングリコール (12) (t),0024001010,平成24年10月
92,06030000,消費,060120000,プロピレングリコール (12) (t),0024001111,平成24年11月
79,06030000,消費,060120000,プロピレングリコール (12) (t),0024001212,平成24年12月
48557,06030000,消費,060130000,ポリプロピレングリコール (13) (t),0020000000,平成20年
32816,06030000,消費,060130000,ポリプロピレングリコール (13) (t),0021000000,平成21年
38201,06030000,消費,060130000,ポリプロピレングリコール (13) (t),0022000000,平成22年
31841,06030000,消費,060130000,ポリプロピレングリコール (13) (t),0023000000,平成23年
33320,06030000,消費,060130000,ポリプロピレングリコール (13) (t),0024000000,平成24年
36694,06030000,消費,060130000,ポリプロピレングリコール (13) (t),0022010000,平成22年度
32007,06030000,消費,060130000,ポリプロピレングリコール (13) (t),0023010000,平成23年度
8961,06030000,消費,060130000,ポリプロピレングリコール (13) (t),0024000103,平成24年 1 ～ 3 月
8454,06030000,消費,060130000,ポリプロピレングリコール (13) (t),0024000406,平成24年 4 ～ 6 月
8491,06030000,消費,060130000,ポリプロピレングリコール (13) (t),0024000709,平成24年 7 ～ 9 月
7414,06030000,消費,060130000,ポリプロピレングリコール (13) (t),0024001012,平成24年 10 ～ 12 月
2715,06030000,消費,060130000,ポリプロピレングリコール (13) (t),0024000101,平成24年1月
3224,06030000,消費,060130000,ポリプロピレングリコール (13) (t),0024000202,平成24年2月
3022,06030000,消費,060130000,ポリプロピレングリコール (13) (t),0024000303,平成24年3月
3104,06030000,消費,060130000,ポリプロピレングリコール (13) (t),0024000404,平成24年4月
2453,06030000,消費,060130000,ポリプロピレングリコール (13) (t),0024000505,平成24年5月
2897,06030000,消費,060130000,ポリプロピレングリコール (13) (t),0024000606,平成24年6月
3238,06030000,消費,060130000,ポリプロピレングリコール (13) (t),0024000707,平成24年7月
2671,06030000,消費,060130000,ポリプロピレングリコール (13) (t),0024000808,平成24年8月
2582,06030000,消費,060130000,ポリプロピレングリコール (13) (t),0024000909,平成24年9月
2696,06030000,消費,060130000,ポリプロピレングリコール (13) (t),0024001010,平成24年10月
2614,06030000,消費,060130000,ポリプロピレングリコール (13) (t),0024001111,平成24年11月
2104,06030000,消費,060130000,ポリプロピレングリコール (13) (t),0024001212,平成24年12月
9556,06030000,消費,060140000,エピクロルヒドリン (14) (t),0020000000,平成20年
7819,06030000,消費,060140000,エピクロルヒドリン (14) (t),0021000000,平成21年
12506,06030000,消費,060140000,エピクロルヒドリン (14) (t),0022000000,平成22年
13512,06030000,消費,060140000,エピクロルヒドリン (14) (t),0023000000,平成23年
12276,06030000,消費,060140000,エピクロルヒドリン (14) (t),0024000000,平成24年
12871,06030000,消費,060140000,エピクロルヒドリン (14) (t),0022010000,平成22年度
13507,06030000,消費,060140000,エピクロルヒドリン (14) (t),0023010000,平成23年度
3117,06030000,消費,060140000,エピクロルヒドリン (14) (t),0024000103,平成24年 1 ～ 3 月
2653,06030000,消費,060140000,エピクロルヒドリン (14) (t),0024000406,平成24年 4 ～ 6 月
3028,06030000,消費,060140000,エピクロルヒドリン (14) (t),0024000709,平成24年 7 ～ 9 月
3478,06030000,消費,060140000,エピクロルヒドリン (14) (t),0024001012,平成24年 10 ～ 12 月
1178,06030000,消費,060140000,エピクロルヒドリン (14) (t),0024000101,平成24年1月
960,06030000,消費,060140000,エピクロルヒドリン (14) (t),0024000202,平成24年2月
979,06030000,消費,060140000,エピクロルヒドリン (14) (t),0024000303,平成24年3月
863,06030000,消費,060140000,エピクロルヒドリン (14) (t),0024000404,平成24年4月
946,06030000,消費,060140000,エピクロルヒドリン (14) (t),0024000505,平成24年5月
844,06030000,消費,060140000,エピクロルヒドリン (14) (t),0024000606,平成24年6月
770,06030000,消費,060140000,エピクロルヒドリン (14) (t),0024000707,平成24年7月
1184,06030000,消費,060140000,エピクロルヒドリン (14) (t),0024000808,平成24年8月
1074,06030000,消費,060140000,エピクロルヒドリン (14) (t),0024000909,平成24年9月
1000,06030000,消費,060140000,エピクロルヒドリン (14) (t),0024001010,平成24年10月
1210,06030000,消費,060140000,エピクロルヒドリン (14) (t),0024001111,平成24年11月
1268,06030000,消費,060140000,エピクロルヒドリン (14) (t),0024001212,平成24年12月
1054,06030000,消費,060150000,イソプロピルアルコール (15) (t),0020000000,平成20年
899,06030000,消費,060150000,イソプロピルアルコール (15) (t),0021000000,平成21年
959,06030000,消費,060150000,イソプロピルアルコール (15) (t),0022000000,平成22年
725,06030000,消費,060150000,イソプロピルアルコール (15) (t),0023000000,平成23年
677,06030000,消費,060150000,イソプロピルアルコール (15) (t),0024000000,平成24年
782,06030000,消費,060150000,イソプロピルアルコール (15) (t),0022010000,平成22年度
777,06030000,消費,060150000,イソプロピルアルコール (15) (t),0023010000,平成23年度
206,06030000,消費,060150000,イソプロピルアルコール (15) (t),0024000103,平成24年 1 ～ 3 月
169,06030000,消費,060150000,イソプロピルアルコール (15) (t),0024000406,平成24年 4 ～ 6 月
103,06030000,消費,060150000,イソプロピルアルコール (15) (t),0024000709,平成24年 7 ～ 9 月
199,06030000,消費,060150000,イソプロピルアルコール (15) (t),0024001012,平成24年 10 ～ 12 月
62,06030000,消費,060150000,イソプロピルアルコール (15) (t),0024000101,平成24年1月
63,06030000,消費,060150000,イソプロピルアルコール (15) (t),0024000202,平成24年2月
81,06030000,消費,060150000,イソプロピルアルコール (15) (t),0024000303,平成24年3月
53,06030000,消費,060150000,イソプロピルアルコール (15) (t),0024000404,平成24年4月
33,06030000,消費,060150000,イソプロピルアルコール (15) (t),0024000505,平成24年5月
83,06030000,消費,060150000,イソプロピルアルコール (15) (t),0024000606,平成24年6月
85,06030000,消費,060150000,イソプロピルアルコール (15) (t),0024000707,平成24年7月
15,06030000,消費,060150000,イソプロピルアルコール (15) (t),0024000808,平成24年8月
3,06030000,消費,060150000,イソプロピルアルコール (15) (t),0024000909,平成24年9月
56,06030000,消費,060150000,イソプロピルアルコール (15) (t),0024001010,平成24年10月
74,06030000,消費,060150000,イソプロピルアルコール (15) (t),0024001111,平成24年11月
69,06030000,消費,060150000,イソプロピルアルコール (15) (t),0024001212,平成24年12月
119678,06030000,消費,060160000,合成アセトン (16) (t),0020000000,平成20年
104125,06030000,消費,060160000,合成アセトン (16) (t),0021000000,平成21年
117441,06030000,消費,060160000,合成アセトン (16) (t),0022000000,平成22年
117600,06030000,消費,060160000,合成アセトン (16) (t),0023000000,平成23年
98698,06030000,消費,060160000,合成アセトン (16) (t),0024000000,平成24年
118652,06030000,消費,060160000,合成アセトン (16) (t),0022010000,平成22年度
112092,06030000,消費,060160000,合成アセトン (16) (t),0023010000,平成23年度
27309,06030000,消費,060160000,合成アセトン (16) (t),0024000103,平成24年 1 ～ 3 月
18749,06030000,消費,060160000,合成アセトン (16) (t),0024000406,平成24年 4 ～ 6 月
29460,06030000,消費,060160000,合成アセトン (16) (t),0024000709,平成24年 7 ～ 9 月
23180,06030000,消費,060160000,合成アセトン (16) (t),0024001012,平成24年 10 ～ 12 月
8781,06030000,消費,060160000,合成アセトン (16) (t),0024000101,平成24年1月
9472,06030000,消費,060160000,合成アセトン (16) (t),0024000202,平成24年2月
9056,06030000,消費,060160000,合成アセトン (16) (t),0024000303,平成24年3月
8083,06030000,消費,060160000,合成アセトン (16) (t),0024000404,平成24年4月
6284,06030000,消費,060160000,合成アセトン (16) (t),0024000505,平成24年5月
4382,06030000,消費,060160000,合成アセトン (16) (t),0024000606,平成24年6月
8883,06030000,消費,060160000,合成アセトン (16) (t),0024000707,平成24年7月
10679,06030000,消費,060160000,合成アセトン (16) (t),0024000808,平成24年8月
9898,06030000,消費,060160000,合成アセトン (16) (t),0024000909,平成24年9月
6213,06030000,消費,060160000,合成アセトン (16) (t),0024001010,平成24年10月
7013,06030000,消費,060160000,合成アセトン (16) (t),0024001111,平成24年11月
9954,06030000,消費,060160000,合成アセトン (16) (t),0024001212,平成24年12月
52,06030000,消費,060170000,メチルイソブチルケトン (17) (t),0020000000,平成20年
35,06030000,消費,060170000,メチルイソブチルケトン (17) (t),0021000000,平成21年
44,06030000,消費,060170000,メチルイソブチルケトン (17) (t),0022000000,平成22年
122,06030000,消費,060170000,メチルイソブチルケトン (17) (t),0023000000,平成23年
28,06030000,消費,060170000,メチルイソブチルケトン (17) (t),0024000000,平成24年
120,06030000,消費,060170000,メチルイソブチルケトン (17) (t),0022010000,平成22年度
30,06030000,消費,060170000,メチルイソブチルケトン (17) (t),0023010000,平成23年度
3,06030000,消費,060170000,メチルイソブチルケトン (17) (t),0024000103,平成24年 1 ～ 3 月
12,06030000,消費,060170000,メチルイソブチルケトン (17) (t),0024000406,平成24年 4 ～ 6 月
8,06030000,消費,060170000,メチルイソブチルケトン (17) (t),0024000709,平成24年 7 ～ 9 月
5,06030000,消費,060170000,メチルイソブチルケトン (17) (t),0024001012,平成24年 10 ～ 12 月
-,06030000,消費,060170000,メチルイソブチルケトン (17) (t),0024000101,平成24年1月
3,06030000,消費,060170000,メチルイソブチルケトン (17) (t),0024000202,平成24年2月
-,06030000,消費,060170000,メチルイソブチルケトン (17) (t),0024000303,平成24年3月
2,06030000,消費,060170000,メチルイソブチルケトン (17) (t),0024000404,平成24年4月
5,06030000,消費,060170000,メチルイソブチルケトン (17) (t),0024000505,平成24年5月
5,06030000,消費,060170000,メチルイソブチルケトン (17) (t),0024000606,平成24年6月
4,06030000,消費,060170000,メチルイソブチルケトン (17) (t),0024000707,平成24年7月
4,06030000,消費,060170000,メチルイソブチルケトン (17) (t),0024000808,平成24年8月
-,06030000,消費,060170000,メチルイソブチルケトン (17) (t),0024000909,平成24年9月
2,06030000,消費,060170000,メチルイソブチルケトン (17) (t),0024001010,平成24年10月
3,06030000,消費,060170000,メチルイソブチルケトン (17) (t),0024001111,平成24年11月
-,06030000,消費,060170000,メチルイソブチルケトン (17) (t),0024001212,平成24年12月
19674,06030000,消費,060180000,アクリロニトリル (18) (t),0020000000,平成20年
10712,06030000,消費,060180000,アクリロニトリル (18) (t),0021000000,平成21年
11789,06030000,消費,060180000,アクリロニトリル (18) (t),0022000000,平成22年
9628,06030000,消費,060180000,アクリロニトリル (18) (t),0023000000,平成23年
5889,06030000,消費,060180000,アクリロニトリル (18) (t),0024000000,平成24年
10106,06030000,消費,060180000,アクリロニトリル (18) (t),0022010000,平成22年度
9999,06030000,消費,060180000,アクリロニトリル (18) (t),0023010000,平成23年度
2808,06030000,消費,060180000,アクリロニトリル (18) (t),0024000103,平成24年 1 ～ 3 月
-,06030000,消費,060180000,アクリロニトリル (18) (t),0024000406,平成24年 4 ～ 6 月
1281,06030000,消費,060180000,アクリロニトリル (18) (t),0024000709,平成24年 7 ～ 9 月
1800,06030000,消費,060180000,アクリロニトリル (18) (t),0024001012,平成24年 10 ～ 12 月
588,06030000,消費,060180000,アクリロニトリル (18) (t),0024000101,平成24年1月
1043,06030000,消費,060180000,アクリロニトリル (18) (t),0024000202,平成24年2月
1177,06030000,消費,060180000,アクリロニトリル (18) (t),0024000303,平成24年3月
-,06030000,消費,060180000,アクリロニトリル (18) (t),0024000404,平成24年4月
-,06030000,消費,060180000,アクリロニトリル (18) (t),0024000505,平成24年5月
-,06030000,消費,060180000,アクリロニトリル (18) (t),0024000606,平成24年6月
-,06030000,消費,060180000,アクリロニトリル (18) (t),0024000707,平成24年7月
555,06030000,消費,060180000,アクリロニトリル (18) (t),0024000808,平成24年8月
726,06030000,消費,060180000,アクリロニトリル (18) (t),0024000909,平成24年9月
701,06030000,消費,060180000,アクリロニトリル (18) (t),0024001010,平成24年10月
404,06030000,消費,060180000,アクリロニトリル (18) (t),0024001111,平成24年11月
695,06030000,消費,060180000,アクリロニトリル (18) (t),0024001212,平成24年12月
6857,06030000,消費,060190000,アクリル酸エステル (19) (t),0020000000,平成20年
6429,06030000,消費,060190000,アクリル酸エステル (19) (t),0021000000,平成21年
8891,06030000,消費,060190000,アクリル酸エステル (19) (t),0022000000,平成22年
9773,06030000,消費,060190000,アクリル酸エステル (19) (t),0023000000,平成23年
8515,06030000,消費,060190000,アクリル酸エステル (19) (t),0024000000,平成24年
9470,06030000,消費,060190000,アクリル酸エステル (19) (t),0022010000,平成22年度
9657,06030000,消費,060190000,アクリル酸エステル (19) (t),0023010000,平成23年度
2041,06030000,消費,060190000,アクリル酸エステル (19) (t),0024000103,平成24年 1 ～ 3 月
2727,06030000,消費,060190000,アクリル酸エステル (19) (t),0024000406,平成24年 4 ～ 6 月
1897,06030000,消費,060190000,アクリル酸エステル (19) (t),0024000709,平成24年 7 ～ 9 月
1850,06030000,消費,060190000,アクリル酸エステル (19) (t),0024001012,平成24年 10 ～ 12 月
1007,06030000,消費,060190000,アクリル酸エステル (19) (t),0024000101,平成24年1月
449,06030000,消費,060190000,アクリル酸エステル (19) (t),0024000202,平成24年2月
585,06030000,消費,060190000,アクリル酸エステル (19) (t),0024000303,平成24年3月
981,06030000,消費,060190000,アクリル酸エステル (19) (t),0024000404,平成24年4月
751,06030000,消費,060190000,アクリル酸エステル (19) (t),0024000505,平成24年5月
995,06030000,消費,060190000,アクリル酸エステル (19) (t),0024000606,平成24年6月
684,06030000,消費,060190000,アクリル酸エステル (19) (t),0024000707,平成24年7月
535,06030000,消費,060190000,アクリル酸エステル (19) (t),0024000808,平成24年8月
678,06030000,消費,060190000,アクリル酸エステル (19) (t),0024000909,平成24年9月
465,06030000,消費,060190000,アクリル酸エステル (19) (t),0024001010,平成24年10月
702,06030000,消費,060190000,アクリル酸エステル (19) (t),0024001111,平成24年11月
683,06030000,消費,060190000,アクリル酸エステル (19) (t),0024001212,平成24年12月
20,06030000,消費,060200000,合成オクタノール (20) (t),0020000000,平成20年
16,06030000,消費,060200000,合成オクタノール (20) (t),0021000000,平成21年
23,06030000,消費,060200000,合成オクタノール (20) (t),0022000000,平成22年
308,06030000,消費,060200000,合成オクタノール (20) (t),0023000000,平成23年
10,06030000,消費,060200000,合成オクタノール (20) (t),0024000000,平成24年
283,06030000,消費,060200000,合成オクタノール (20) (t),0022010000,平成22年度
34,06030000,消費,060200000,合成オクタノール (20) (t),0023010000,平成23年度
-,06030000,消費,060200000,合成オクタノール (20) (t),0024000103,平成24年 1 ～ 3 月
9,06030000,消費,060200000,合成オクタノール (20) (t),0024000406,平成24年 4 ～ 6 月
-,06030000,消費,060200000,合成オクタノール (20) (t),0024000709,平成24年 7 ～ 9 月
1,06030000,消費,060200000,合成オクタノール (20) (t),0024001012,平成24年 10 ～ 12 月
-,06030000,消費,060200000,合成オクタノール (20) (t),0024000101,平成24年1月
-,06030000,消費,060200000,合成オクタノール (20) (t),0024000202,平成24年2月
-,06030000,消費,060200000,合成オクタノール (20) (t),0024000303,平成24年3月
-,06030000,消費,060200000,合成オクタノール (20) (t),0024000404,平成24年4月
9,06030000,消費,060200000,合成オクタノール (20) (t),0024000505,平成24年5月
-,06030000,消費,060200000,合成オクタノール (20) (t),0024000606,平成24年6月
-,06030000,消費,060200000,合成オクタノール (20) (t),0024000707,平成24年7月
-,06030000,消費,060200000,合成オクタノール (20) (t),0024000808,平成24年8月
-,06030000,消費,060200000,合成オクタノール (20) (t),0024000909,平成24年9月
-,06030000,消費,060200000,合成オクタノール (20) (t),0024001010,平成24年10月
1,06030000,消費,060200000,合成オクタノール (20) (t),0024001111,平成24年11月
-,06030000,消費,060200000,合成オクタノール (20) (t),0024001212,平成24年12月
302815,06030000,消費,060210000,合成ブタノール (21) (t),0020000000,平成20年
270087,06030000,消費,060210000,合成ブタノール (21) (t),0021000000,平成21年
299545,06030000,消費,060210000,合成ブタノール (21) (t),0022000000,平成22年
171284,06030000,消費,060210000,合成ブタノール (21) (t),0023000000,平成23年
185681,06030000,消費,060210000,合成ブタノール (21) (t),0024000000,平成24年
290889,06030000,消費,060210000,合成ブタノール (21) (t),0022010000,平成22年度
128485,06030000,消費,060210000,合成ブタノール (21) (t),0023010000,平成23年度
30939,06030000,消費,060210000,合成ブタノール (21) (t),0024000103,平成24年 1 ～ 3 月
42118,06030000,消費,060210000,合成ブタノール (21) (t),0024000406,平成24年 4 ～ 6 月
55280,06030000,消費,060210000,合成ブタノール (21) (t),0024000709,平成24年 7 ～ 9 月
57344,06030000,消費,060210000,合成ブタノール (21) (t),0024001012,平成24年 10 ～ 12 月
10379,06030000,消費,060210000,合成ブタノール (21) (t),0024000101,平成24年1月
11086,06030000,消費,060210000,合成ブタノール (21) (t),0024000202,平成24年2月
9474,06030000,消費,060210000,合成ブタノール (21) (t),0024000303,平成24年3月
13680,06030000,消費,060210000,合成ブタノール (21) (t),0024000404,平成24年4月
15148,06030000,消費,060210000,合成ブタノール (21) (t),0024000505,平成24年5月
13290,06030000,消費,060210000,合成ブタノール (21) (t),0024000606,平成24年6月
16890,06030000,消費,060210000,合成ブタノール (21) (t),0024000707,平成24年7月
19067,06030000,消費,060210000,合成ブタノール (21) (t),0024000808,平成24年8月
19323,06030000,消費,060210000,合成ブタノール (21) (t),0024000909,平成24年9月
22101,06030000,消費,060210000,合成ブタノール (21) (t),0024001010,平成24年10月
16030,06030000,消費,060210000,合成ブタノール (21) (t),0024001111,平成24年11月
19213,06030000,消費,060210000,合成ブタノール (21) (t),0024001212,平成24年12月
-,06030000,消費,060220000,メチルエチルケトン (22) (t),0020000000,平成20年
-,06030000,消費,060220000,メチルエチルケトン (22) (t),0021000000,平成21年
-,06030000,消費,060220000,メチルエチルケトン (22) (t),0022000000,平成22年
-,06030000,消費,060220000,メチルエチルケトン (22) (t),0023000000,平成23年
-,06030000,消費,060220000,メチルエチルケトン (22) (t),0024000000,平成24年
-,06030000,消費,060220000,メチルエチルケトン (22) (t),0022010000,平成22年度
-,06030000,消費,060220000,メチルエチルケトン (22) (t),0023010000,平成23年度
-,06030000,消費,060220000,メチルエチルケトン (22) (t),0024000103,平成24年 1 ～ 3 月
-,06030000,消費,060220000,メチルエチルケトン (22) (t),0024000406,平成24年 4 ～ 6 月
-,06030000,消費,060220000,メチルエチルケトン (22) (t),0024000709,平成24年 7 ～ 9 月
-,06030000,消費,060220000,メチルエチルケトン (22) (t),0024001012,平成24年 10 ～ 12 月
-,06030000,消費,060220000,メチルエチルケトン (22) (t),0024000101,平成24年1月
-,06030000,消費,060220000,メチルエチルケトン (22) (t),0024000202,平成24年2月
-,06030000,消費,060220000,メチルエチルケトン (22) (t),0024000303,平成24年3月
-,06030000,消費,060220000,メチルエチルケトン (22) (t),0024000404,平成24年4月
-,06030000,消費,060220000,メチルエチルケトン (22) (t),0024000505,平成24年5月
-,06030000,消費,060220000,メチルエチルケトン (22) (t),0024000606,平成24年6月
-,06030000,消費,060220000,メチルエチルケトン (22) (t),0024000707,平成24年7月
-,06030000,消費,060220000,メチルエチルケトン (22) (t),0024000808,平成24年8月
-,06030000,消費,060220000,メチルエチルケトン (22) (t),0024000909,平成24年9月
-,06030000,消費,060220000,メチルエチルケトン (22) (t),0024001010,平成24年10月
-,06030000,消費,060220000,メチルエチルケトン (22) (t),0024001111,平成24年11月
-,06030000,消費,060220000,メチルエチルケトン (22) (t),0024001212,平成24年12月
960954,06030000,消費,060230000,ブタン･ブチレン (23) (t),0020000000,平成20年
1085643,06030000,消費,060230000,ブタン･ブチレン (23) (t),0021000000,平成21年
1024177,06030000,消費,060230000,ブタン･ブチレン (23) (t),0022000000,平成22年
979695,06030000,消費,060230000,ブタン･ブチレン (23) (t),0023000000,平成23年
891138,06030000,消費,060230000,ブタン･ブチレン (23) (t),0024000000,平成24年
1019387,06030000,消費,060230000,ブタン･ブチレン (23) (t),0022010000,平成22年度
968454,06030000,消費,060230000,ブタン･ブチレン (23) (t),0023010000,平成23年度
251599,06030000,消費,060230000,ブタン･ブチレン (23) (t),0024000103,平成24年 1 ～ 3 月
228773,06030000,消費,060230000,ブタン･ブチレン (23) (t),0024000406,平成24年 4 ～ 6 月
200188,06030000,消費,060230000,ブタン･ブチレン (23) (t),0024000709,平成24年 7 ～ 9 月
210578,06030000,消費,060230000,ブタン･ブチレン (23) (t),0024001012,平成24年 10 ～ 12 月
82228,06030000,消費,060230000,ブタン･ブチレン (23) (t),0024000101,平成24年1月
88532,06030000,消費,060230000,ブタン･ブチレン (23) (t),0024000202,平成24年2月
80839,06030000,消費,060230000,ブタン･ブチレン (23) (t),0024000303,平成24年3月
77428,06030000,消費,060230000,ブタン･ブチレン (23) (t),0024000404,平成24年4月
66045,06030000,消費,060230000,ブタン･ブチレン (23) (t),0024000505,平成24年5月
85300,06030000,消費,060230000,ブタン･ブチレン (23) (t),0024000606,平成24年6月
90060,06030000,消費,060230000,ブタン･ブチレン (23) (t),0024000707,平成24年7月
54888,06030000,消費,060230000,ブタン･ブチレン (23) (t),0024000808,平成24年8月
55240,06030000,消費,060230000,ブタン･ブチレン (23) (t),0024000909,平成24年9月
69067,06030000,消費,060230000,ブタン･ブチレン (23) (t),0024001010,平成24年10月
63858,06030000,消費,060230000,ブタン･ブチレン (23) (t),0024001111,平成24年11月
77653,06030000,消費,060230000,ブタン･ブチレン (23) (t),0024001212,平成24年12月
384431,06030000,消費,060240000,ブタジエン (24) (t),0020000000,平成20年
300108,06030000,消費,060240000,ブタジエン (24) (t),0021000000,平成21年
391587,06030000,消費,060240000,ブタジエン (24) (t),0022000000,平成22年
369741,06030000,消費,060240000,ブタジエン (24) (t),0023000000,平成23年
376329,06030000,消費,060240000,ブタジエン (24) (t),0024000000,平成24年
401511,06030000,消費,060240000,ブタジエン (24) (t),0022010000,平成22年度
364200,06030000,消費,060240000,ブタジエン (24) (t),0023010000,平成23年度
89539,06030000,消費,060240000,ブタジエン (24) (t),0024000103,平成24年 1 ～ 3 月
104954,06030000,消費,060240000,ブタジエン (24) (t),0024000406,平成24年 4 ～ 6 月
105796,06030000,消費,060240000,ブタジエン (24) (t),0024000709,平成24年 7 ～ 9 月
76040,06030000,消費,060240000,ブタジエン (24) (t),0024001012,平成24年 10 ～ 12 月
36624,06030000,消費,060240000,ブタジエン (24) (t),0024000101,平成24年1月
32423,06030000,消費,060240000,ブタジエン (24) (t),0024000202,平成24年2月
20492,06030000,消費,060240000,ブタジエン (24) (t),0024000303,平成24年3月
36629,06030000,消費,060240000,ブタジエン (24) (t),0024000404,平成24年4月
34444,06030000,消費,060240000,ブタジエン (24) (t),0024000505,平成24年5月
33881,06030000,消費,060240000,ブタジエン (24) (t),0024000606,平成24年6月
39133,06030000,消費,060240000,ブタジエン (24) (t),0024000707,平成24年7月
37235,06030000,消費,060240000,ブタジエン (24) (t),0024000808,平成24年8月
29428,06030000,消費,060240000,ブタジエン (24) (t),0024000909,平成24年9月
18898,06030000,消費,060240000,ブタジエン (24) (t),0024001010,平成24年10月
23583,06030000,消費,060240000,ブタジエン (24) (t),0024001111,平成24年11月
33559,06030000,消費,060240000,ブタジエン (24) (t),0024001212,平成24年12月
56168,06030000,消費,060250000,ノルマルパラフィン (25) (t),0020000000,平成20年
53431,06030000,消費,060250000,ノルマルパラフィン (25) (t),0021000000,平成21年
61430,06030000,消費,060250000,ノルマルパラフィン (25) (t),0022000000,平成22年
X,06030000,消費,060250000,ノルマルパラフィン (25) (t),0023000000,平成23年
X,06030000,消費,060250000,ノルマルパラフィン (25) (t),0024000000,平成24年
X,06030000,消費,060250000,ノルマルパラフィン (25) (t),0022010000,平成22年度
X,06030000,消費,060250000,ノルマルパラフィン (25) (t),0023010000,平成23年度
X,06030000,消費,060250000,ノルマルパラフィン (25) (t),0024000103,平成24年 1 ～ 3 月
X,06030000,消費,060250000,ノルマルパラフィン (25) (t),0024000406,平成24年 4 ～ 6 月
X,06030000,消費,060250000,ノルマルパラフィン (25) (t),0024000709,平成24年 7 ～ 9 月
X,06030000,消費,060250000,ノルマルパラフィン (25) (t),0024001012,平成24年 10 ～ 12 月
X,06030000,消費,060250000,ノルマルパラフィン (25) (t),0024000101,平成24年1月
X,06030000,消費,060250000,ノルマルパラフィン (25) (t),0024000202,平成24年2月
X,06030000,消費,060250000,ノルマルパラフィン (25) (t),0024000303,平成24年3月
X,06030000,消費,060250000,ノルマルパラフィン (25) (t),0024000404,平成24年4月
X,06030000,消費,060250000,ノルマルパラフィン (25) (t),0024000505,平成24年5月
X,06030000,消費,060250000,ノルマルパラフィン (25) (t),0024000606,平成24年6月
X,06030000,消費,060250000,ノルマルパラフィン (25) (t),0024000707,平成24年7月
X,06030000,消費,060250000,ノルマルパラフィン (25) (t),0024000808,平成24年8月
X,06030000,消費,060250000,ノルマルパラフィン (25) (t),0024000909,平成24年9月
X,06030000,消費,060250000,ノルマルパラフィン (25) (t),0024001010,平成24年10月
X,06030000,消費,060250000,ノルマルパラフィン (25) (t),0024001111,平成24年11月
X,06030000,消費,060250000,ノルマルパラフィン (25) (t),0024001212,平成24年12月
4217701,06030000,消費,060260000,分解ガソリン (26) (t),0020000000,平成20年
4135719,06030000,消費,060260000,分解ガソリン (26) (t),0021000000,平成21年
4562456,06030000,消費,060260000,分解ガソリン (26) (t),0022000000,平成22年
4198564,06030000,消費,060260000,分解ガソリン (26) (t),0023000000,平成23年
3869768,06030000,消費,060260000,分解ガソリン (26) (t),0024000000,平成24年
4554386,06030000,消費,060260000,分解ガソリン (26) (t),0022010000,平成22年度
4011836,06030000,消費,060260000,分解ガソリン (26) (t),0023010000,平成23年度
933006,06030000,消費,060260000,分解ガソリン (26) (t),0024000103,平成24年 1 ～ 3 月
914932,06030000,消費,060260000,分解ガソリン (26) (t),0024000406,平成24年 4 ～ 6 月
1029303,06030000,消費,060260000,分解ガソリン (26) (t),0024000709,平成24年 7 ～ 9 月
992527,06030000,消費,060260000,分解ガソリン (26) (t),0024001012,平成24年 10 ～ 12 月
336952,06030000,消費,060260000,分解ガソリン (26) (t),0024000101,平成24年1月
316373,06030000,消費,060260000,分解ガソリン (26) (t),0024000202,平成24年2月
279681,06030000,消費,060260000,分解ガソリン (26) (t),0024000303,平成24年3月
287965,06030000,消費,060260000,分解ガソリン (26) (t),0024000404,平成24年4月
336836,06030000,消費,060260000,分解ガソリン (26) (t),0024000505,平成24年5月
290131,06030000,消費,060260000,分解ガソリン (26) (t),0024000606,平成24年6月
329781,06030000,消費,060260000,分解ガソリン (26) (t),0024000707,平成24年7月
366773,06030000,消費,060260000,分解ガソリン (26) (t),0024000808,平成24年8月
332749,06030000,消費,060260000,分解ガソリン (26) (t),0024000909,平成24年9月
297671,06030000,消費,060260000,分解ガソリン (26) (t),0024001010,平成24年10月
337547,06030000,消費,060260000,分解ガソリン (26) (t),0024001111,平成24年11月
357309,06030000,消費,060260000,分解ガソリン (26) (t),0024001212,平成24年12月
950,06030000,消費,060271000,エチルアルコール（95％換算） 計 (27～28) (kl),0020000000,平成20年
1006,06030000,消費,060271000,エチルアルコール（95％換算） 計 (27～28) (kl),0021000000,平成21年
1102,06030000,消費,060271000,エチルアルコール（95％換算） 計 (27～28) (kl),0022000000,平成22年
1290,06030000,消費,060271000,エチルアルコール（95％換算） 計 (27～28) (kl),0023000000,平成23年
1207,06030000,消費,060271000,エチルアルコール（95％換算） 計 (27～28) (kl),0024000000,平成24年
1198,06030000,消費,060271000,エチルアルコール（95％換算） 計 (27～28) (kl),0022010000,平成22年度
1235,06030000,消費,060271000,エチルアルコール（95％換算） 計 (27～28) (kl),0023010000,平成23年度
271,06030000,消費,060271000,エチルアルコール（95％換算） 計 (27～28) (kl),0024000103,平成24年 1 ～ 3 月
317,06030000,消費,060271000,エチルアルコール（95％換算） 計 (27～28) (kl),0024000406,平成24年 4 ～ 6 月
296,06030000,消費,060271000,エチルアルコール（95％換算） 計 (27～28) (kl),0024000709,平成24年 7 ～ 9 月
323,06030000,消費,060271000,エチルアルコール（95％換算） 計 (27～28) (kl),0024001012,平成24年 10 ～ 12 月
65,06030000,消費,060271000,エチルアルコール（95％換算） 計 (27～28) (kl),0024000101,平成24年1月
101,06030000,消費,060271000,エチルアルコール（95％換算） 計 (27～28) (kl),0024000202,平成24年2月
105,06030000,消費,060271000,エチルアルコール（95％換算） 計 (27～28) (kl),0024000303,平成24年3月
121,06030000,消費,060271000,エチルアルコール（95％換算） 計 (27～28) (kl),0024000404,平成24年4月
91,06030000,消費,060271000,エチルアルコール（95％換算） 計 (27～28) (kl),0024000505,平成24年5月
105,06030000,消費,060271000,エチルアルコール（95％換算） 計 (27～28) (kl),0024000606,平成24年6月
99,06030000,消費,060271000,エチルアルコール（95％換算） 計 (27～28) (kl),0024000707,平成24年7月
80,06030000,消費,060271000,エチルアルコール（95％換算） 計 (27～28) (kl),0024000808,平成24年8月
117,06030000,消費,060271000,エチルアルコール（95％換算） 計 (27～28) (kl),0024000909,平成24年9月
107,06030000,消費,060271000,エチルアルコール（95％換算） 計 (27～28) (kl),0024001010,平成24年10月
123,06030000,消費,060271000,エチルアルコール（95％換算） 計 (27～28) (kl),0024001111,平成24年11月
93,06030000,消費,060271000,エチルアルコール（95％換算） 計 (27～28) (kl),0024001212,平成24年12月
X,06030000,消費,060271100,エチルアルコール（95％換算） 発酵エチルアルコール（95％換算） (27) (kl),0020000000,平成20年
X,06030000,消費,060271100,エチルアルコール（95％換算） 発酵エチルアルコール（95％換算） (27) (kl),0021000000,平成21年
X,06030000,消費,060271100,エチルアルコール（95％換算） 発酵エチルアルコール（95％換算） (27) (kl),0022000000,平成22年
X,06030000,消費,060271100,エチルアルコール（95％換算） 発酵エチルアルコール（95％換算） (27) (kl),0023000000,平成23年
X,06030000,消費,060271100,エチルアルコール（95％換算） 発酵エチルアルコール（95％換算） (27) (kl),0024000000,平成24年
X,06030000,消費,060271100,エチルアルコール（95％換算） 発酵エチルアルコール（95％換算） (27) (kl),0022010000,平成22年度
X,06030000,消費,060271100,エチルアルコール（95％換算） 発酵エチルアルコール（95％換算） (27) (kl),0023010000,平成23年度
X,06030000,消費,060271100,エチルアルコール（95％換算） 発酵エチルアルコール（95％換算） (27) (kl),0024000103,平成24年 1 ～ 3 月
X,06030000,消費,060271100,エチルアルコール（95％換算） 発酵エチルアルコール（95％換算） (27) (kl),0024000406,平成24年 4 ～ 6 月
X,06030000,消費,060271100,エチルアルコール（95％換算） 発酵エチルアルコール（95％換算） (27) (kl),0024000709,平成24年 7 ～ 9 月
X,06030000,消費,060271100,エチルアルコール（95％換算） 発酵エチルアルコール（95％換算） (27) (kl),0024001012,平成24年 10 ～ 12 月
X,06030000,消費,060271100,エチルアルコール（95％換算） 発酵エチルアルコール（95％換算） (27) (kl),0024000101,平成24年1月
X,06030000,消費,060271100,エチルアルコール（95％換算） 発酵エチルアルコール（95％換算） (27) (kl),0024000202,平成24年2月
X,06030000,消費,060271100,エチルアルコール（95％換算） 発酵エチルアルコール（95％換算） (27) (kl),0024000303,平成24年3月
X,06030000,消費,060271100,エチルアルコール（95％換算） 発酵エチルアルコール（95％換算） (27) (kl),0024000404,平成24年4月
X,06030000,消費,060271100,エチルアルコール（95％換算） 発酵エチルアルコール（95％換算） (27) (kl),0024000505,平成24年5月
X,06030000,消費,060271100,エチルアルコール（95％換算） 発酵エチルアルコール（95％換算） (27) (kl),0024000606,平成24年6月
X,06030000,消費,060271100,エチルアルコール（95％換算） 発酵エチルアルコール（95％換算） (27) (kl),0024000707,平成24年7月
X,06030000,消費,060271100,エチルアルコール（95％換算） 発酵エチルアルコール（95％換算） (27) (kl),0024000808,平成24年8月
X,06030000,消費,060271100,エチルアルコール（95％換算） 発酵エチルアルコール（95％換算） (27) (kl),0024000909,平成24年9月
X,06030000,消費,060271100,エチルアルコール（95％換算） 発酵エチルアルコール（95％換算） (27) (kl),0024001010,平成24年10月
X,06030000,消費,060271100,エチルアルコール（95％換算） 発酵エチルアルコール（95％換算） (27) (kl),0024001111,平成24年11月
X,06030000,消費,060271100,エチルアルコール（95％換算） 発酵エチルアルコール（95％換算） (27) (kl),0024001212,平成24年12月
X,06030000,消費,060271200,エチルアルコール（95％換算） エチルアルコール（95％換算） (28) (kl),0020000000,平成20年
X,06030000,消費,060271200,エチルアルコール（95％換算） エチルアルコール（95％換算） (28) (kl),0021000000,平成21年
X,06030000,消費,060271200,エチルアルコール（95％換算） エチルアルコール（95％換算） (28) (kl),0022000000,平成22年
X,06030000,消費,060271200,エチルアルコール（95％換算） エチルアルコール（95％換算） (28) (kl),0023000000,平成23年
X,06030000,消費,060271200,エチルアルコール（95％換算） エチルアルコール（95％換算） (28) (kl),0024000000,平成24年
X,06030000,消費,060271200,エチルアルコール（95％換算） エチルアルコール（95％換算） (28) (kl),0022010000,平成22年度
X,06030000,消費,060271200,エチルアルコール（95％換算） エチルアルコール（95％換算） (28) (kl),0023010000,平成23年度
X,06030000,消費,060271200,エチルアルコール（95％換算） エチルアルコール（95％換算） (28) (kl),0024000103,平成24年 1 ～ 3 月
X,06030000,消費,060271200,エチルアルコール（95％換算） エチルアルコール（95％換算） (28) (kl),0024000406,平成24年 4 ～ 6 月
X,06030000,消費,060271200,エチルアルコール（95％換算） エチルアルコール（95％換算） (28) (kl),0024000709,平成24年 7 ～ 9 月
X,06030000,消費,060271200,エチルアルコール（95％換算） エチルアルコール（95％換算） (28) (kl),0024001012,平成24年 10 ～ 12 月
X,06030000,消費,060271200,エチルアルコール（95％換算） エチルアルコール（95％換算） (28) (kl),0024000101,平成24年1月
X,06030000,消費,060271200,エチルアルコール（95％換算） エチルアルコール（95％換算） (28) (kl),0024000202,平成24年2月
X,06030000,消費,060271200,エチルアルコール（95％換算） エチルアルコール（95％換算） (28) (kl),0024000303,平成24年3月
X,06030000,消費,060271200,エチルアルコール（95％換算） エチルアルコール（95％換算） (28) (kl),0024000404,平成24年4月
X,06030000,消費,060271200,エチルアルコール（95％換算） エチルアルコール（95％換算） (28) (kl),0024000505,平成24年5月
X,06030000,消費,060271200,エチルアルコール（95％換算） エチルアルコール（95％換算） (28) (kl),0024000606,平成24年6月
X,06030000,消費,060271200,エチルアルコール（95％換算） エチルアルコール（95％換算） (28) (kl),0024000707,平成24年7月
X,06030000,消費,060271200,エチルアルコール（95％換算） エチルアルコール（95％換算） (28) (kl),0024000808,平成24年8月
X,06030000,消費,060271200,エチルアルコール（95％換算） エチルアルコール（95％換算） (28) (kl),0024000909,平成24年9月
X,06030000,消費,060271200,エチルアルコール（95％換算） エチルアルコール（95％換算） (28) (kl),0024001010,平成24年10月
X,06030000,消費,060271200,エチルアルコール（95％換算） エチルアルコール（95％換算） (28) (kl),0024001111,平成24年11月
X,06030000,消費,060271200,エチルアルコール（95％換算） エチルアルコール（95％換算） (28) (kl),0024001212,平成24年12月
193109,06030000,消費,060280000,無水酢酸 (29) (t),0020000000,平成20年
153817,06030000,消費,060280000,無水酢酸 (29) (t),0021000000,平成21年
202592,06030000,消費,060280000,無水酢酸 (29) (t),0022000000,平成22年
X,06030000,消費,060280000,無水酢酸 (29) (t),0023000000,平成23年
X,06030000,消費,060280000,無水酢酸 (29) (t),0024000000,平成24年
X,06030000,消費,060280000,無水酢酸 (29) (t),0022010000,平成22年度
X,06030000,消費,060280000,無水酢酸 (29) (t),0023010000,平成23年度
X,06030000,消費,060280000,無水酢酸 (29) (t),0024000103,平成24年 1 ～ 3 月
X,06030000,消費,060280000,無水酢酸 (29) (t),0024000406,平成24年 4 ～ 6 月
X,06030000,消費,060280000,無水酢酸 (29) (t),0024000709,平成24年 7 ～ 9 月
X,06030000,消費,060280000,無水酢酸 (29) (t),0024001012,平成24年 10 ～ 12 月
X,06030000,消費,060280000,無水酢酸 (29) (t),0024000101,平成24年1月
X,06030000,消費,060280000,無水酢酸 (29) (t),0024000202,平成24年2月
X,06030000,消費,060280000,無水酢酸 (29) (t),0024000303,平成24年3月
X,06030000,消費,060280000,無水酢酸 (29) (t),0024000404,平成24年4月
X,06030000,消費,060280000,無水酢酸 (29) (t),0024000505,平成24年5月
X,06030000,消費,060280000,無水酢酸 (29) (t),0024000606,平成24年6月
X,06030000,消費,060280000,無水酢酸 (29) (t),0024000707,平成24年7月
X,06030000,消費,060280000,無水酢酸 (29) (t),0024000808,平成24年8月
X,06030000,消費,060280000,無水酢酸 (29) (t),0024000909,平成24年9月
X,06030000,消費,060280000,無水酢酸 (29) (t),0024001010,平成24年10月
X,06030000,消費,060280000,無水酢酸 (29) (t),0024001111,平成24年11月
X,06030000,消費,060280000,無水酢酸 (29) (t),0024001212,平成24年12月
4,06030000,消費,060290000,トリクロルエチレン (30) (t),0020000000,平成20年
5024,06030000,消費,060290000,トリクロルエチレン (30) (t),0021000000,平成21年
3748,06030000,消費,060290000,トリクロルエチレン (30) (t),0022000000,平成22年
X,06030000,消費,060290000,トリクロルエチレン (30) (t),0023000000,平成23年
X,06030000,消費,060290000,トリクロルエチレン (30) (t),0024000000,平成24年
X,06030000,消費,060290000,トリクロルエチレン (30) (t),0022010000,平成22年度
X,06030000,消費,060290000,トリクロルエチレン (30) (t),0023010000,平成23年度
X,06030000,消費,060290000,トリクロルエチレン (30) (t),0024000103,平成24年 1 ～ 3 月
X,06030000,消費,060290000,トリクロルエチレン (30) (t),0024000406,平成24年 4 ～ 6 月
X,06030000,消費,060290000,トリクロルエチレン (30) (t),0024000709,平成24年 7 ～ 9 月
X,06030000,消費,060290000,トリクロルエチレン (30) (t),0024001012,平成24年 10 ～ 12 月
X,06030000,消費,060290000,トリクロルエチレン (30) (t),0024000101,平成24年1月
X,06030000,消費,060290000,トリクロルエチレン (30) (t),0024000202,平成24年2月
X,06030000,消費,060290000,トリクロルエチレン (30) (t),0024000303,平成24年3月
X,06030000,消費,060290000,トリクロルエチレン (30) (t),0024000404,平成24年4月
X,06030000,消費,060290000,トリクロルエチレン (30) (t),0024000505,平成24年5月
X,06030000,消費,060290000,トリクロルエチレン (30) (t),0024000606,平成24年6月
X,06030000,消費,060290000,トリクロルエチレン (30) (t),0024000707,平成24年7月
X,06030000,消費,060290000,トリクロルエチレン (30) (t),0024000808,平成24年8月
X,06030000,消費,060290000,トリクロルエチレン (30) (t),0024000909,平成24年9月
X,06030000,消費,060290000,トリクロルエチレン (30) (t),0024001010,平成24年10月
X,06030000,消費,060290000,トリクロルエチレン (30) (t),0024001111,平成24年11月
X,06030000,消費,060290000,トリクロルエチレン (30) (t),0024001212,平成24年12月
575633,06030000,消費,060300000,ホルマリン (31) (t),0020000000,平成20年
451954,06030000,消費,060300000,ホルマリン (31) (t),0021000000,平成21年
599736,06030000,消費,060300000,ホルマリン (31) (t),0022000000,平成22年
551127,06030000,消費,060300000,ホルマリン (31) (t),0023000000,平成23年
539884,06030000,消費,060300000,ホルマリン (31) (t),0024000000,平成24年
597888,06030000,消費,060300000,ホルマリン (31) (t),0022010000,平成22年度
542563,06030000,消費,060300000,ホルマリン (31) (t),0023010000,平成23年度
144535,06030000,消費,060300000,ホルマリン (31) (t),0024000103,平成24年 1 ～ 3 月
109518,06030000,消費,060300000,ホルマリン (31) (t),0024000406,平成24年 4 ～ 6 月
152703,06030000,消費,060300000,ホルマリン (31) (t),0024000709,平成24年 7 ～ 9 月
133128,06030000,消費,060300000,ホルマリン (31) (t),0024001012,平成24年 10 ～ 12 月
52414,06030000,消費,060300000,ホルマリン (31) (t),0024000101,平成24年1月
49013,06030000,消費,060300000,ホルマリン (31) (t),0024000202,平成24年2月
43108,06030000,消費,060300000,ホルマリン (31) (t),0024000303,平成24年3月
46582,06030000,消費,060300000,ホルマリン (31) (t),0024000404,平成24年4月
32576,06030000,消費,060300000,ホルマリン (31) (t),0024000505,平成24年5月
30360,06030000,消費,060300000,ホルマリン (31) (t),0024000606,平成24年6月
53487,06030000,消費,060300000,ホルマリン (31) (t),0024000707,平成24年7月
54574,06030000,消費,060300000,ホルマリン (31) (t),0024000808,平成24年8月
44642,06030000,消費,060300000,ホルマリン (31) (t),0024000909,平成24年9月
41379,06030000,消費,060300000,ホルマリン (31) (t),0024001010,平成24年10月
44249,06030000,消費,060300000,ホルマリン (31) (t),0024001111,平成24年11月
47500,06030000,消費,060300000,ホルマリン (31) (t),0024001212,平成24年12月
150403,06030000,消費,060310000,塩化メチル (32) (t),0020000000,平成20年
127102,06030000,消費,060310000,塩化メチル (32) (t),0021000000,平成21年
180920,06030000,消費,060310000,塩化メチル (32) (t),0022000000,平成22年
155196,06030000,消費,060310000,塩化メチル (32) (t),0023000000,平成23年
118021,06030000,消費,060310000,塩化メチル (32) (t),0024000000,平成24年
184143,06030000,消費,060310000,塩化メチル (32) (t),0022010000,平成22年度
145367,06030000,消費,060310000,塩化メチル (32) (t),0023010000,平成23年度
37486,06030000,消費,060310000,塩化メチル (32) (t),0024000103,平成24年 1 ～ 3 月
27009,06030000,消費,060310000,塩化メチル (32) (t),0024000406,平成24年 4 ～ 6 月
26542,06030000,消費,060310000,塩化メチル (32) (t),0024000709,平成24年 7 ～ 9 月
26984,06030000,消費,060310000,塩化メチル (32) (t),0024001012,平成24年 10 ～ 12 月
11456,06030000,消費,060310000,塩化メチル (32) (t),0024000101,平成24年1月
12686,06030000,消費,060310000,塩化メチル (32) (t),0024000202,平成24年2月
13344,06030000,消費,060310000,塩化メチル (32) (t),0024000303,平成24年3月
4834,06030000,消費,060310000,塩化メチル (32) (t),0024000404,平成24年4月
11014,06030000,消費,060310000,塩化メチル (32) (t),0024000505,平成24年5月
11161,06030000,消費,060310000,塩化メチル (32) (t),0024000606,平成24年6月
8048,06030000,消費,060310000,塩化メチル (32) (t),0024000707,平成24年7月
8716,06030000,消費,060310000,塩化メチル (32) (t),0024000808,平成24年8月
9778,06030000,消費,060310000,塩化メチル (32) (t),0024000909,平成24年9月
10045,06030000,消費,060310000,塩化メチル (32) (t),0024001010,平成24年10月
8848,06030000,消費,060310000,塩化メチル (32) (t),0024001111,平成24年11月
8091,06030000,消費,060310000,塩化メチル (32) (t),0024001212,平成24年12月
40,06030000,消費,060320000,塩化メチレン (33) (t),0020000000,平成20年
5585,06030000,消費,060320000,塩化メチレン (33) (t),0021000000,平成21年
7879,06030000,消費,060320000,塩化メチレン (33) (t),0022000000,平成22年
7249,06030000,消費,060320000,塩化メチレン (33) (t),0023000000,平成23年
7135,06030000,消費,060320000,塩化メチレン (33) (t),0024000000,平成24年
8444,06030000,消費,060320000,塩化メチレン (33) (t),0022010000,平成22年度
6733,06030000,消費,060320000,塩化メチレン (33) (t),0023010000,平成23年度
1419,06030000,消費,060320000,塩化メチレン (33) (t),0024000103,平成24年 1 ～ 3 月
2050,06030000,消費,060320000,塩化メチレン (33) (t),0024000406,平成24年 4 ～ 6 月
1433,06030000,消費,060320000,塩化メチレン (33) (t),0024000709,平成24年 7 ～ 9 月
2233,06030000,消費,060320000,塩化メチレン (33) (t),0024001012,平成24年 10 ～ 12 月
421,06030000,消費,060320000,塩化メチレン (33) (t),0024000101,平成24年1月
551,06030000,消費,060320000,塩化メチレン (33) (t),0024000202,平成24年2月
447,06030000,消費,060320000,塩化メチレン (33) (t),0024000303,平成24年3月
558,06030000,消費,060320000,塩化メチレン (33) (t),0024000404,平成24年4月
815,06030000,消費,060320000,塩化メチレン (33) (t),0024000505,平成24年5月
677,06030000,消費,060320000,塩化メチレン (33) (t),0024000606,平成24年6月
505,06030000,消費,060320000,塩化メチレン (33) (t),0024000707,平成24年7月
470,06030000,消費,060320000,塩化メチレン (33) (t),0024000808,平成24年8月
458,06030000,消費,060320000,塩化メチレン (33) (t),0024000909,平成24年9月
356,06030000,消費,060320000,塩化メチレン (33) (t),0024001010,平成24年10月
494,06030000,消費,060320000,塩化メチレン (33) (t),0024001111,平成24年11月
1383,06030000,消費,060320000,塩化メチレン (33) (t),0024001212,平成24年12月
22930,06030000,消費,060330000,無水マレイン酸 (34) (t),0020000000,平成20年
21122,06030000,消費,060330000,無水マレイン酸 (34) (t),0021000000,平成21年
34265,06030000,消費,060330000,無水マレイン酸 (34) (t),0022000000,平成22年
34271,06030000,消費,060330000,無水マレイン酸 (34) (t),0023000000,平成23年
28851,06030000,消費,060330000,無水マレイン酸 (34) (t),0024000000,平成24年
36713,06030000,消費,060330000,無水マレイン酸 (34) (t),0022010000,平成22年度
33308,06030000,消費,060330000,無水マレイン酸 (34) (t),0023010000,平成23年度
8101,06030000,消費,060330000,無水マレイン酸 (34) (t),0024000103,平成24年 1 ～ 3 月
8761,06030000,消費,060330000,無水マレイン酸 (34) (t),0024000406,平成24年 4 ～ 6 月
6183,06030000,消費,060330000,無水マレイン酸 (34) (t),0024000709,平成24年 7 ～ 9 月
5806,06030000,消費,060330000,無水マレイン酸 (34) (t),0024001012,平成24年 10 ～ 12 月
2937,06030000,消費,060330000,無水マレイン酸 (34) (t),0024000101,平成24年1月
2506,06030000,消費,060330000,無水マレイン酸 (34) (t),0024000202,平成24年2月
2658,06030000,消費,060330000,無水マレイン酸 (34) (t),0024000303,平成24年3月
3261,06030000,消費,060330000,無水マレイン酸 (34) (t),0024000404,平成24年4月
3242,06030000,消費,060330000,無水マレイン酸 (34) (t),0024000505,平成24年5月
2258,06030000,消費,060330000,無水マレイン酸 (34) (t),0024000606,平成24年6月
1321,06030000,消費,060330000,無水マレイン酸 (34) (t),0024000707,平成24年7月
2834,06030000,消費,060330000,無水マレイン酸 (34) (t),0024000808,平成24年8月
2028,06030000,消費,060330000,無水マレイン酸 (34) (t),0024000909,平成24年9月
1574,06030000,消費,060330000,無水マレイン酸 (34) (t),0024001010,平成24年10月
2173,06030000,消費,060330000,無水マレイン酸 (34) (t),0024001111,平成24年11月
2059,06030000,消費,060330000,無水マレイン酸 (34) (t),0024001212,平成24年12月
1414,06030000,消費,060340000,メラミン (35) (t),0020000000,平成20年
1105,06030000,消費,060340000,メラミン (35) (t),0021000000,平成21年
1416,06030000,消費,060340000,メラミン (35) (t),0022000000,平成22年
X,06030000,消費,060340000,メラミン (35) (t),0023000000,平成23年
X,06030000,消費,060340000,メラミン (35) (t),0024000000,平成24年
X,06030000,消費,060340000,メラミン (35) (t),0022010000,平成22年度
X,06030000,消費,060340000,メラミン (35) (t),0023010000,平成23年度
X,06030000,消費,060340000,メラミン (35) (t),0024000103,平成24年 1 ～ 3 月
X,06030000,消費,060340000,メラミン (35) (t),0024000406,平成24年 4 ～ 6 月
X,06030000,消費,060340000,メラミン (35) (t),0024000709,平成24年 7 ～ 9 月
X,06030000,消費,060340000,メラミン (35) (t),0024001012,平成24年 10 ～ 12 月
X,06030000,消費,060340000,メラミン (35) (t),0024000101,平成24年1月
X,06030000,消費,060340000,メラミン (35) (t),0024000202,平成24年2月
X,06030000,消費,060340000,メラミン (35) (t),0024000303,平成24年3月
X,06030000,消費,060340000,メラミン (35) (t),0024000404,平成24年4月
X,06030000,消費,060340000,メラミン (35) (t),0024000505,平成24年5月
X,06030000,消費,060340000,メラミン (35) (t),0024000606,平成24年6月
X,06030000,消費,060340000,メラミン (35) (t),0024000707,平成24年7月
X,06030000,消費,060340000,メラミン (35) (t),0024000808,平成24年8月
X,06030000,消費,060340000,メラミン (35) (t),0024000909,平成24年9月
X,06030000,消費,060340000,メラミン (35) (t),0024001010,平成24年10月
X,06030000,消費,060340000,メラミン (35) (t),0024001111,平成24年11月
X,06030000,消費,060340000,メラミン (35) (t),0024001212,平成24年12月
-,06030000,消費,060351000,可塑剤 フタル酸系可塑剤 (36) (t),0020000000,平成20年
-,06030000,消費,060351000,可塑剤 フタル酸系可塑剤 (36) (t),0021000000,平成21年
-,06030000,消費,060351000,可塑剤 フタル酸系可塑剤 (36) (t),0022000000,平成22年
-,06030000,消費,060351000,可塑剤 フタル酸系可塑剤 (36) (t),0023000000,平成23年
-,06030000,消費,060351000,可塑剤 フタル酸系可塑剤 (36) (t),0024000000,平成24年
-,06030000,消費,060351000,可塑剤 フタル酸系可塑剤 (36) (t),0022010000,平成22年度
-,06030000,消費,060351000,可塑剤 フタル酸系可塑剤 (36) (t),0023010000,平成23年度
-,06030000,消費,060351000,可塑剤 フタル酸系可塑剤 (36) (t),0024000103,平成24年 1 ～ 3 月
-,06030000,消費,060351000,可塑剤 フタル酸系可塑剤 (36) (t),0024000406,平成24年 4 ～ 6 月
-,06030000,消費,060351000,可塑剤 フタル酸系可塑剤 (36) (t),0024000709,平成24年 7 ～ 9 月
-,06030000,消費,060351000,可塑剤 フタル酸系可塑剤 (36) (t),0024001012,平成24年 10 ～ 12 月
-,06030000,消費,060351000,可塑剤 フタル酸系可塑剤 (36) (t),0024000101,平成24年1月
-,06030000,消費,060351000,可塑剤 フタル酸系可塑剤 (36) (t),0024000202,平成24年2月
-,06030000,消費,060351000,可塑剤 フタル酸系可塑剤 (36) (t),0024000303,平成24年3月
-,06030000,消費,060351000,可塑剤 フタル酸系可塑剤 (36) (t),0024000404,平成24年4月
-,06030000,消費,060351000,可塑剤 フタル酸系可塑剤 (36) (t),0024000505,平成24年5月
-,06030000,消費,060351000,可塑剤 フタル酸系可塑剤 (36) (t),0024000606,平成24年6月
-,06030000,消費,060351000,可塑剤 フタル酸系可塑剤 (36) (t),0024000707,平成24年7月
-,06030000,消費,060351000,可塑剤 フタル酸系可塑剤 (36) (t),0024000808,平成24年8月
-,06030000,消費,060351000,可塑剤 フタル酸系可塑剤 (36) (t),0024000909,平成24年9月
-,06030000,消費,060351000,可塑剤 フタル酸系可塑剤 (36) (t),0024001010,平成24年10月
-,06030000,消費,060351000,可塑剤 フタル酸系可塑剤 (36) (t),0024001111,平成24年11月
-,06030000,消費,060351000,可塑剤 フタル酸系可塑剤 (36) (t),0024001212,平成24年12月
-,06030000,消費,060352000,可塑剤 りん酸系可塑剤 (37) (t),0020000000,平成20年
-,06030000,消費,060352000,可塑剤 りん酸系可塑剤 (37) (t),0021000000,平成21年
-,06030000,消費,060352000,可塑剤 りん酸系可塑剤 (37) (t),0022000000,平成22年
-,06030000,消費,060352000,可塑剤 りん酸系可塑剤 (37) (t),0023000000,平成23年
-,06030000,消費,060352000,可塑剤 りん酸系可塑剤 (37) (t),0024000000,平成24年
-,06030000,消費,060352000,可塑剤 りん酸系可塑剤 (37) (t),0022010000,平成22年度
-,06030000,消費,060352000,可塑剤 りん酸系可塑剤 (37) (t),0023010000,平成23年度
-,06030000,消費,060352000,可塑剤 りん酸系可塑剤 (37) (t),0024000103,平成24年 1 ～ 3 月
-,06030000,消費,060352000,可塑剤 りん酸系可塑剤 (37) (t),0024000406,平成24年 4 ～ 6 月
-,06030000,消費,060352000,可塑剤 りん酸系可塑剤 (37) (t),0024000709,平成24年 7 ～ 9 月
-,06030000,消費,060352000,可塑剤 りん酸系可塑剤 (37) (t),0024001012,平成24年 10 ～ 12 月
-,06030000,消費,060352000,可塑剤 りん酸系可塑剤 (37) (t),0024000101,平成24年1月
-,06030000,消費,060352000,可塑剤 りん酸系可塑剤 (37) (t),0024000202,平成24年2月
-,06030000,消費,060352000,可塑剤 りん酸系可塑剤 (37) (t),0024000303,平成24年3月
-,06030000,消費,060352000,可塑剤 りん酸系可塑剤 (37) (t),0024000404,平成24年4月
-,06030000,消費,060352000,可塑剤 りん酸系可塑剤 (37) (t),0024000505,平成24年5月
-,06030000,消費,060352000,可塑剤 りん酸系可塑剤 (37) (t),0024000606,平成24年6月
-,06030000,消費,060352000,可塑剤 りん酸系可塑剤 (37) (t),0024000707,平成24年7月
-,06030000,消費,060352000,可塑剤 りん酸系可塑剤 (37) (t),0024000808,平成24年8月
-,06030000,消費,060352000,可塑剤 りん酸系可塑剤 (37) (t),0024000909,平成24年9月
-,06030000,消費,060352000,可塑剤 りん酸系可塑剤 (37) (t),0024001010,平成24年10月
-,06030000,消費,060352000,可塑剤 りん酸系可塑剤 (37) (t),0024001111,平成24年11月
-,06030000,消費,060352000,可塑剤 りん酸系可塑剤 (37) (t),0024001212,平成24年12月
29,06030000,消費,060353000,可塑剤 エポキシ系可塑剤 (38) (t),0020000000,平成20年
-,06030000,消費,060353000,可塑剤 エポキシ系可塑剤 (38) (t),0021000000,平成21年
-,06030000,消費,060353000,可塑剤 エポキシ系可塑剤 (38) (t),0022000000,平成22年
-,06030000,消費,060353000,可塑剤 エポキシ系可塑剤 (38) (t),0023000000,平成23年
-,06030000,消費,060353000,可塑剤 エポキシ系可塑剤 (38) (t),0024000000,平成24年
-,06030000,消費,060353000,可塑剤 エポキシ系可塑剤 (38) (t),0022010000,平成22年度
-,06030000,消費,060353000,可塑剤 エポキシ系可塑剤 (38) (t),0023010000,平成23年度
-,06030000,消費,060353000,可塑剤 エポキシ系可塑剤 (38) (t),0024000103,平成24年 1 ～ 3 月
-,06030000,消費,060353000,可塑剤 エポキシ系可塑剤 (38) (t),0024000406,平成24年 4 ～ 6 月
-,06030000,消費,060353000,可塑剤 エポキシ系可塑剤 (38) (t),0024000709,平成24年 7 ～ 9 月
-,06030000,消費,060353000,可塑剤 エポキシ系可塑剤 (38) (t),0024001012,平成24年 10 ～ 12 月
-,06030000,消費,060353000,可塑剤 エポキシ系可塑剤 (38) (t),0024000101,平成24年1月
-,06030000,消費,060353000,可塑剤 エポキシ系可塑剤 (38) (t),0024000202,平成24年2月
-,06030000,消費,060353000,可塑剤 エポキシ系可塑剤 (38) (t),0024000303,平成24年3月
-,06030000,消費,060353000,可塑剤 エポキシ系可塑剤 (38) (t),0024000404,平成24年4月
-,06030000,消費,060353000,可塑剤 エポキシ系可塑剤 (38) (t),0024000505,平成24年5月
-,06030000,消費,060353000,可塑剤 エポキシ系可塑剤 (38) (t),0024000606,平成24年6月
-,06030000,消費,060353000,可塑剤 エポキシ系可塑剤 (38) (t),0024000707,平成24年7月
-,06030000,消費,060353000,可塑剤 エポキシ系可塑剤 (38) (t),0024000808,平成24年8月
-,06030000,消費,060353000,可塑剤 エポキシ系可塑剤 (38) (t),0024000909,平成24年9月
-,06030000,消費,060353000,可塑剤 エポキシ系可塑剤 (38) (t),0024001010,平成24年10月
-,06030000,消費,060353000,可塑剤 エポキシ系可塑剤 (38) (t),0024001111,平成24年11月
-,06030000,消費,060353000,可塑剤 エポキシ系可塑剤 (38) (t),0024001212,平成24年12月
5401118,06041200,出荷 販売 数量,060010000,エチレン (1) (t),0020000000,平成20年
5401027,06041200,出荷 販売 数量,060010000,エチレン (1) (t),0021000000,平成21年
5355597,06041200,出荷 販売 数量,060010000,エチレン (1) (t),0022000000,平成22年
4949211,06041200,出荷 販売 数量,060010000,エチレン (1) (t),0023000000,平成23年
4450077,06041200,出荷 販売 数量,060010000,エチレン (1) (t),0024000000,平成24年
5329527,06041200,出荷 販売 数量,060010000,エチレン (1) (t),0022010000,平成22年度
4742856,06041200,出荷 販売 数量,060010000,エチレン (1) (t),0023010000,平成23年度
1123836,06041200,出荷 販売 数量,060010000,エチレン (1) (t),0024000103,平成24年 1 ～ 3 月
1067781,06041200,出荷 販売 数量,060010000,エチレン (1) (t),0024000406,平成24年 4 ～ 6 月
1098056,06041200,出荷 販売 数量,060010000,エチレン (1) (t),0024000709,平成24年 7 ～ 9 月
1160404,06041200,出荷 販売 数量,060010000,エチレン (1) (t),0024001012,平成24年 10 ～ 12 月
390426,06041200,出荷 販売 数量,060010000,エチレン (1) (t),0024000101,平成24年1月
366365,06041200,出荷 販売 数量,060010000,エチレン (1) (t),0024000202,平成24年2月
367045,06041200,出荷 販売 数量,060010000,エチレン (1) (t),0024000303,平成24年3月
367098,06041200,出荷 販売 数量,060010000,エチレン (1) (t),0024000404,平成24年4月
364353,06041200,出荷 販売 数量,060010000,エチレン (1) (t),0024000505,平成24年5月
336330,06041200,出荷 販売 数量,060010000,エチレン (1) (t),0024000606,平成24年6月
350196,06041200,出荷 販売 数量,060010000,エチレン (1) (t),0024000707,平成24年7月
384505,06041200,出荷 販売 数量,060010000,エチレン (1) (t),0024000808,平成24年8月
363355,06041200,出荷 販売 数量,060010000,エチレン (1) (t),0024000909,平成24年9月
393869,06041200,出荷 販売 数量,060010000,エチレン (1) (t),0024001010,平成24年10月
364294,06041200,出荷 販売 数量,060010000,エチレン (1) (t),0024001111,平成24年11月
402241,06041200,出荷 販売 数量,060010000,エチレン (1) (t),0024001212,平成24年12月
279534,06041200,出荷 販売 数量,060020000,酸化エチレン (2) (t),0020000000,平成20年
224852,06041200,出荷 販売 数量,060020000,酸化エチレン (2) (t),0021000000,平成21年
287964,06041200,出荷 販売 数量,060020000,酸化エチレン (2) (t),0022000000,平成22年
279616,06041200,出荷 販売 数量,060020000,酸化エチレン (2) (t),0023000000,平成23年
274118,06041200,出荷 販売 数量,060020000,酸化エチレン (2) (t),0024000000,平成24年
289179,06041200,出荷 販売 数量,060020000,酸化エチレン (2) (t),0022010000,平成22年度
276396,06041200,出荷 販売 数量,060020000,酸化エチレン (2) (t),0023010000,平成23年度
65463,06041200,出荷 販売 数量,060020000,酸化エチレン (2) (t),0024000103,平成24年 1 ～ 3 月
69272,06041200,出荷 販売 数量,060020000,酸化エチレン (2) (t),0024000406,平成24年 4 ～ 6 月
67927,06041200,出荷 販売 数量,060020000,酸化エチレン (2) (t),0024000709,平成24年 7 ～ 9 月
71456,06041200,出荷 販売 数量,060020000,酸化エチレン (2) (t),0024001012,平成24年 10 ～ 12 月
19772,06041200,出荷 販売 数量,060020000,酸化エチレン (2) (t),0024000101,平成24年1月
22725,06041200,出荷 販売 数量,060020000,酸化エチレン (2) (t),0024000202,平成24年2月
22966,06041200,出荷 販売 数量,060020000,酸化エチレン (2) (t),0024000303,平成24年3月
23259,06041200,出荷 販売 数量,060020000,酸化エチレン (2) (t),0024000404,平成24年4月
21995,06041200,出荷 販売 数量,060020000,酸化エチレン (2) (t),0024000505,平成24年5月
24018,06041200,出荷 販売 数量,060020000,酸化エチレン (2) (t),0024000606,平成24年6月
24938,06041200,出荷 販売 数量,060020000,酸化エチレン (2) (t),0024000707,平成24年7月
19530,06041200,出荷 販売 数量,060020000,酸化エチレン (2) (t),0024000808,平成24年8月
23459,06041200,出荷 販売 数量,060020000,酸化エチレン (2) (t),0024000909,平成24年9月
23646,06041200,出荷 販売 数量,060020000,酸化エチレン (2) (t),0024001010,平成24年10月
25379,06041200,出荷 販売 数量,060020000,酸化エチレン (2) (t),0024001111,平成24年11月
22431,06041200,出荷 販売 数量,060020000,酸化エチレン (2) (t),0024001212,平成24年12月
598366,06041200,出荷 販売 数量,060030000,エチレングリコール (3) (t),0020000000,平成20年
557446,06041200,出荷 販売 数量,060030000,エチレングリコール (3) (t),0021000000,平成21年
549662,06041200,出荷 販売 数量,060030000,エチレングリコール (3) (t),0022000000,平成22年
541436,06041200,出荷 販売 数量,060030000,エチレングリコール (3) (t),0023000000,平成23年
605803,06041200,出荷 販売 数量,060030000,エチレングリコール (3) (t),0024000000,平成24年
551221,06041200,出荷 販売 数量,060030000,エチレングリコール (3) (t),0022010000,平成22年度
568524,06041200,出荷 販売 数量,060030000,エチレングリコール (3) (t),0023010000,平成23年度
176520,06041200,出荷 販売 数量,060030000,エチレングリコール (3) (t),0024000103,平成24年 1 ～ 3 月
83617,06041200,出荷 販売 数量,060030000,エチレングリコール (3) (t),0024000406,平成24年 4 ～ 6 月
160713,06041200,出荷 販売 数量,060030000,エチレングリコール (3) (t),0024000709,平成24年 7 ～ 9 月
184953,06041200,出荷 販売 数量,060030000,エチレングリコール (3) (t),0024001012,平成24年 10 ～ 12 月
58363,06041200,出荷 販売 数量,060030000,エチレングリコール (3) (t),0024000101,平成24年1月
58169,06041200,出荷 販売 数量,060030000,エチレングリコール (3) (t),0024000202,平成24年2月
59988,06041200,出荷 販売 数量,060030000,エチレングリコール (3) (t),0024000303,平成24年3月
35729,06041200,出荷 販売 数量,060030000,エチレングリコール (3) (t),0024000404,平成24年4月
24525,06041200,出荷 販売 数量,060030000,エチレングリコール (3) (t),0024000505,平成24年5月
23363,06041200,出荷 販売 数量,060030000,エチレングリコール (3) (t),0024000606,平成24年6月
51680,06041200,出荷 販売 数量,060030000,エチレングリコール (3) (t),0024000707,平成24年7月
56030,06041200,出荷 販売 数量,060030000,エチレングリコール (3) (t),0024000808,平成24年8月
53003,06041200,出荷 販売 数量,060030000,エチレングリコール (3) (t),0024000909,平成24年9月
62343,06041200,出荷 販売 数量,060030000,エチレングリコール (3) (t),0024001010,平成24年10月
57893,06041200,出荷 販売 数量,060030000,エチレングリコール (3) (t),0024001111,平成24年11月
64717,06041200,出荷 販売 数量,060030000,エチレングリコール (3) (t),0024001212,平成24年12月
92324,06041200,出荷 販売 数量,060040000,エチレングリコールエーテル (4) (t),0020000000,平成20年
90267,06041200,出荷 販売 数量,060040000,エチレングリコールエーテル (4) (t),0021000000,平成21年
99803,06041200,出荷 販売 数量,060040000,エチレングリコールエーテル (4) (t),0022000000,平成22年
73517,06041200,出荷 販売 数量,060040000,エチレングリコールエーテル (4) (t),0023000000,平成23年
63335,06041200,出荷 販売 数量,060040000,エチレングリコールエーテル (4) (t),0024000000,平成24年
97501,06041200,出荷 販売 数量,060040000,エチレングリコールエーテル (4) (t),0022010000,平成22年度
68608,06041200,出荷 販売 数量,060040000,エチレングリコールエーテル (4) (t),0023010000,平成23年度
15321,06041200,出荷 販売 数量,060040000,エチレングリコールエーテル (4) (t),0024000103,平成24年 1 ～ 3 月
15393,06041200,出荷 販売 数量,060040000,エチレングリコールエーテル (4) (t),0024000406,平成24年 4 ～ 6 月
15250,06041200,出荷 販売 数量,060040000,エチレングリコールエーテル (4) (t),0024000709,平成24年 7 ～ 9 月
17371,06041200,出荷 販売 数量,060040000,エチレングリコールエーテル (4) (t),0024001012,平成24年 10 ～ 12 月
5581,06041200,出荷 販売 数量,060040000,エチレングリコールエーテル (4) (t),0024000101,平成24年1月
5511,06041200,出荷 販売 数量,060040000,エチレングリコールエーテル (4) (t),0024000202,平成24年2月
4229,06041200,出荷 販売 数量,060040000,エチレングリコールエーテル (4) (t),0024000303,平成24年3月
4521,06041200,出荷 販売 数量,060040000,エチレングリコールエーテル (4) (t),0024000404,平成24年4月
5193,06041200,出荷 販売 数量,060040000,エチレングリコールエーテル (4) (t),0024000505,平成24年5月
5679,06041200,出荷 販売 数量,060040000,エチレングリコールエーテル (4) (t),0024000606,平成24年6月
4480,06041200,出荷 販売 数量,060040000,エチレングリコールエーテル (4) (t),0024000707,平成24年7月
5542,06041200,出荷 販売 数量,060040000,エチレングリコールエーテル (4) (t),0024000808,平成24年8月
5228,06041200,出荷 販売 数量,060040000,エチレングリコールエーテル (4) (t),0024000909,平成24年9月
5775,06041200,出荷 販売 数量,060040000,エチレングリコールエーテル (4) (t),0024001010,平成24年10月
6504,06041200,出荷 販売 数量,060040000,エチレングリコールエーテル (4) (t),0024001111,平成24年11月
5092,06041200,出荷 販売 数量,060040000,エチレングリコールエーテル (4) (t),0024001212,平成24年12月
180557,06041200,出荷 販売 数量,060050000,アセトアルデヒド (5) (t),0020000000,平成20年
163005,06041200,出荷 販売 数量,060050000,アセトアルデヒド (5) (t),0021000000,平成21年
139305,06041200,出荷 販売 数量,060050000,アセトアルデヒド (5) (t),0022000000,平成22年
149482,06041200,出荷 販売 数量,060050000,アセトアルデヒド (5) (t),0023000000,平成23年
108350,06041200,出荷 販売 数量,060050000,アセトアルデヒド (5) (t),0024000000,平成24年
142099,06041200,出荷 販売 数量,060050000,アセトアルデヒド (5) (t),0022010000,平成22年度
143468,06041200,出荷 販売 数量,060050000,アセトアルデヒド (5) (t),0023010000,平成23年度
25183,06041200,出荷 販売 数量,060050000,アセトアルデヒド (5) (t),0024000103,平成24年 1 ～ 3 月
24273,06041200,出荷 販売 数量,060050000,アセトアルデヒド (5) (t),0024000406,平成24年 4 ～ 6 月
31724,06041200,出荷 販売 数量,060050000,アセトアルデヒド (5) (t),0024000709,平成24年 7 ～ 9 月
27170,06041200,出荷 販売 数量,060050000,アセトアルデヒド (5) (t),0024001012,平成24年 10 ～ 12 月
13083,06041200,出荷 販売 数量,060050000,アセトアルデヒド (5) (t),0024000101,平成24年1月
2647,06041200,出荷 販売 数量,060050000,アセトアルデヒド (5) (t),0024000202,平成24年2月
9453,06041200,出荷 販売 数量,060050000,アセトアルデヒド (5) (t),0024000303,平成24年3月
10670,06041200,出荷 販売 数量,060050000,アセトアルデヒド (5) (t),0024000404,平成24年4月
7016,06041200,出荷 販売 数量,060050000,アセトアルデヒド (5) (t),0024000505,平成24年5月
6587,06041200,出荷 販売 数量,060050000,アセトアルデヒド (5) (t),0024000606,平成24年6月
12200,06041200,出荷 販売 数量,060050000,アセトアルデヒド (5) (t),0024000707,平成24年7月
9426,06041200,出荷 販売 数量,060050000,アセトアルデヒド (5) (t),0024000808,平成24年8月
10098,06041200,出荷 販売 数量,060050000,アセトアルデヒド (5) (t),0024000909,平成24年9月
7294,06041200,出荷 販売 数量,060050000,アセトアルデヒド (5) (t),0024001010,平成24年10月
8795,06041200,出荷 販売 数量,060050000,アセトアルデヒド (5) (t),0024001111,平成24年11月
11081,06041200,出荷 販売 数量,060050000,アセトアルデヒド (5) (t),0024001212,平成24年12月
481647,06041200,出荷 販売 数量,060060000,酢酸（99%換算） (6) (t),0020000000,平成20年
367130,06041200,出荷 販売 数量,060060000,酢酸（99%換算） (6) (t),0021000000,平成21年
452680,06041200,出荷 販売 数量,060060000,酢酸（99%換算） (6) (t),0022000000,平成22年
420668,06041200,出荷 販売 数量,060060000,酢酸（99%換算） (6) (t),0023000000,平成23年
420107,06041200,出荷 販売 数量,060060000,酢酸（99%換算） (6) (t),0024000000,平成24年
471327,06041200,出荷 販売 数量,060060000,酢酸（99%換算） (6) (t),0022010000,平成22年度
397253,06041200,出荷 販売 数量,060060000,酢酸（99%換算） (6) (t),0023010000,平成23年度
99400,06041200,出荷 販売 数量,060060000,酢酸（99%換算） (6) (t),0024000103,平成24年 1 ～ 3 月
98241,06041200,出荷 販売 数量,060060000,酢酸（99%換算） (6) (t),0024000406,平成24年 4 ～ 6 月
116180,06041200,出荷 販売 数量,060060000,酢酸（99%換算） (6) (t),0024000709,平成24年 7 ～ 9 月
106286,06041200,出荷 販売 数量,060060000,酢酸（99%換算） (6) (t),0024001012,平成24年 10 ～ 12 月
25889,06041200,出荷 販売 数量,060060000,酢酸（99%換算） (6) (t),0024000101,平成24年1月
40784,06041200,出荷 販売 数量,060060000,酢酸（99%換算） (6) (t),0024000202,平成24年2月
32727,06041200,出荷 販売 数量,060060000,酢酸（99%換算） (6) (t),0024000303,平成24年3月
36655,06041200,出荷 販売 数量,060060000,酢酸（99%換算） (6) (t),0024000404,平成24年4月
22863,06041200,出荷 販売 数量,060060000,酢酸（99%換算） (6) (t),0024000505,平成24年5月
38723,06041200,出荷 販売 数量,060060000,酢酸（99%換算） (6) (t),0024000606,平成24年6月
39081,06041200,出荷 販売 数量,060060000,酢酸（99%換算） (6) (t),0024000707,平成24年7月
38531,06041200,出荷 販売 数量,060060000,酢酸（99%換算） (6) (t),0024000808,平成24年8月
38568,06041200,出荷 販売 数量,060060000,酢酸（99%換算） (6) (t),0024000909,平成24年9月
21979,06041200,出荷 販売 数量,060060000,酢酸（99%換算） (6) (t),0024001010,平成24年10月
41461,06041200,出荷 販売 数量,060060000,酢酸（99%換算） (6) (t),0024001111,平成24年11月
42846,06041200,出荷 販売 数量,060060000,酢酸（99%換算） (6) (t),0024001212,平成24年12月
181752,06041200,出荷 販売 数量,060070000,酢酸エチル (7) (t),0020000000,平成20年
156722,06041200,出荷 販売 数量,060070000,酢酸エチル (7) (t),0021000000,平成21年
120525,06041200,出荷 販売 数量,060070000,酢酸エチル (7) (t),0022000000,平成22年
X,06041200,出荷 販売 数量,060070000,酢酸エチル (7) (t),0023000000,平成23年
X,06041200,出荷 販売 数量,060070000,酢酸エチル (7) (t),0024000000,平成24年
X,06041200,出荷 販売 数量,060070000,酢酸エチル (7) (t),0022010000,平成22年度
X,06041200,出荷 販売 数量,060070000,酢酸エチル (7) (t),0023010000,平成23年度
X,06041200,出荷 販売 数量,060070000,酢酸エチル (7) (t),0024000103,平成24年 1 ～ 3 月
X,06041200,出荷 販売 数量,060070000,酢酸エチル (7) (t),0024000406,平成24年 4 ～ 6 月
X,06041200,出荷 販売 数量,060070000,酢酸エチル (7) (t),0024000709,平成24年 7 ～ 9 月
X,06041200,出荷 販売 数量,060070000,酢酸エチル (7) (t),0024001012,平成24年 10 ～ 12 月
X,06041200,出荷 販売 数量,060070000,酢酸エチル (7) (t),0024000101,平成24年1月
X,06041200,出荷 販売 数量,060070000,酢酸エチル (7) (t),0024000202,平成24年2月
X,06041200,出荷 販売 数量,060070000,酢酸エチル (7) (t),0024000303,平成24年3月
X,06041200,出荷 販売 数量,060070000,酢酸エチル (7) (t),0024000404,平成24年4月
X,06041200,出荷 販売 数量,060070000,酢酸エチル (7) (t),0024000505,平成24年5月
X,06041200,出荷 販売 数量,060070000,酢酸エチル (7) (t),0024000606,平成24年6月
X,06041200,出荷 販売 数量,060070000,酢酸エチル (7) (t),0024000707,平成24年7月
X,06041200,出荷 販売 数量,060070000,酢酸エチル (7) (t),0024000808,平成24年8月
X,06041200,出荷 販売 数量,060070000,酢酸エチル (7) (t),0024000909,平成24年9月
X,06041200,出荷 販売 数量,060070000,酢酸エチル (7) (t),0024001010,平成24年10月
X,06041200,出荷 販売 数量,060070000,酢酸エチル (7) (t),0024001111,平成24年11月
X,06041200,出荷 販売 数量,060070000,酢酸エチル (7) (t),0024001212,平成24年12月
118272,06041200,出荷 販売 数量,060080000,合成高級アルコール（C9以上のもの） (8) (t),0020000000,平成20年
100145,06041200,出荷 販売 数量,060080000,合成高級アルコール（C9以上のもの） (8) (t),0021000000,平成21年
111224,06041200,出荷 販売 数量,060080000,合成高級アルコール（C9以上のもの） (8) (t),0022000000,平成22年
X,06041200,出荷 販売 数量,060080000,合成高級アルコール（C9以上のもの） (8) (t),0023000000,平成23年
X,06041200,出荷 販売 数量,060080000,合成高級アルコール（C9以上のもの） (8) (t),0024000000,平成24年
X,06041200,出荷 販売 数量,060080000,合成高級アルコール（C9以上のもの） (8) (t),0022010000,平成22年度
X,06041200,出荷 販売 数量,060080000,合成高級アルコール（C9以上のもの） (8) (t),0023010000,平成23年度
X,06041200,出荷 販売 数量,060080000,合成高級アルコール（C9以上のもの） (8) (t),0024000103,平成24年 1 ～ 3 月
X,06041200,出荷 販売 数量,060080000,合成高級アルコール（C9以上のもの） (8) (t),0024000406,平成24年 4 ～ 6 月
X,06041200,出荷 販売 数量,060080000,合成高級アルコール（C9以上のもの） (8) (t),0024000709,平成24年 7 ～ 9 月
X,06041200,出荷 販売 数量,060080000,合成高級アルコール（C9以上のもの） (8) (t),0024001012,平成24年 10 ～ 12 月
X,06041200,出荷 販売 数量,060080000,合成高級アルコール（C9以上のもの） (8) (t),0024000101,平成24年1月
X,06041200,出荷 販売 数量,060080000,合成高級アルコール（C9以上のもの） (8) (t),0024000202,平成24年2月
X,06041200,出荷 販売 数量,060080000,合成高級アルコール（C9以上のもの） (8) (t),0024000303,平成24年3月
X,06041200,出荷 販売 数量,060080000,合成高級アルコール（C9以上のもの） (8) (t),0024000404,平成24年4月
X,06041200,出荷 販売 数量,060080000,合成高級アルコール（C9以上のもの） (8) (t),0024000505,平成24年5月
X,06041200,出荷 販売 数量,060080000,合成高級アルコール（C9以上のもの） (8) (t),0024000606,平成24年6月
X,06041200,出荷 販売 数量,060080000,合成高級アルコール（C9以上のもの） (8) (t),0024000707,平成24年7月
X,06041200,出荷 販売 数量,060080000,合成高級アルコール（C9以上のもの） (8) (t),0024000808,平成24年8月
X,06041200,出荷 販売 数量,060080000,合成高級アルコール（C9以上のもの） (8) (t),0024000909,平成24年9月
X,06041200,出荷 販売 数量,060080000,合成高級アルコール（C9以上のもの） (8) (t),0024001010,平成24年10月
X,06041200,出荷 販売 数量,060080000,合成高級アルコール（C9以上のもの） (8) (t),0024001111,平成24年11月
X,06041200,出荷 販売 数量,060080000,合成高級アルコール（C9以上のもの） (8) (t),0024001212,平成24年12月
261853,06041200,出荷 販売 数量,060090000,二塩化エチレン (9) (t),0020000000,平成20年
195210,06041200,出荷 販売 数量,060090000,二塩化エチレン (9) (t),0021000000,平成21年
180888,06041200,出荷 販売 数量,060090000,二塩化エチレン (9) (t),0022000000,平成22年
187393,06041200,出荷 販売 数量,060090000,二塩化エチレン (9) (t),0023000000,平成23年
285990,06041200,出荷 販売 数量,060090000,二塩化エチレン (9) (t),0024000000,平成24年
167546,06041200,出荷 販売 数量,060090000,二塩化エチレン (9) (t),0022010000,平成22年度
226147,06041200,出荷 販売 数量,060090000,二塩化エチレン (9) (t),0023010000,平成23年度
66553,06041200,出荷 販売 数量,060090000,二塩化エチレン (9) (t),0024000103,平成24年 1 ～ 3 月
79720,06041200,出荷 販売 数量,060090000,二塩化エチレン (9) (t),0024000406,平成24年 4 ～ 6 月
76728,06041200,出荷 販売 数量,060090000,二塩化エチレン (9) (t),0024000709,平成24年 7 ～ 9 月
62989,06041200,出荷 販売 数量,060090000,二塩化エチレン (9) (t),0024001012,平成24年 10 ～ 12 月
14953,06041200,出荷 販売 数量,060090000,二塩化エチレン (9) (t),0024000101,平成24年1月
23053,06041200,出荷 販売 数量,060090000,二塩化エチレン (9) (t),0024000202,平成24年2月
28547,06041200,出荷 販売 数量,060090000,二塩化エチレン (9) (t),0024000303,平成24年3月
28247,06041200,出荷 販売 数量,060090000,二塩化エチレン (9) (t),0024000404,平成24年4月
21138,06041200,出荷 販売 数量,060090000,二塩化エチレン (9) (t),0024000505,平成24年5月
30335,06041200,出荷 販売 数量,060090000,二塩化エチレン (9) (t),0024000606,平成24年6月
28054,06041200,出荷 販売 数量,060090000,二塩化エチレン (9) (t),0024000707,平成24年7月
19797,06041200,出荷 販売 数量,060090000,二塩化エチレン (9) (t),0024000808,平成24年8月
28877,06041200,出荷 販売 数量,060090000,二塩化エチレン (9) (t),0024000909,平成24年9月
28676,06041200,出荷 販売 数量,060090000,二塩化エチレン (9) (t),0024001010,平成24年10月
21111,06041200,出荷 販売 数量,060090000,二塩化エチレン (9) (t),0024001111,平成24年11月
13202,06041200,出荷 販売 数量,060090000,二塩化エチレン (9) (t),0024001212,平成24年12月
5878747,06041200,出荷 販売 数量,060100000,プロピレン (10) (t),0020000000,平成20年
5482853,06041200,出荷 販売 数量,060100000,プロピレン (10) (t),0021000000,平成21年
5939837,06041200,出荷 販売 数量,060100000,プロピレン (10) (t),0022000000,平成22年
5446841,06041200,出荷 販売 数量,060100000,プロピレン (10) (t),0023000000,平成23年
4945291,06041200,出荷 販売 数量,060100000,プロピレン (10) (t),0024000000,平成24年
5895627,06041200,出荷 販売 数量,060100000,プロピレン (10) (t),0022010000,平成22年度
5228675,06041200,出荷 販売 数量,060100000,プロピレン (10) (t),0023010000,平成23年度
1266877,06041200,出荷 販売 数量,060100000,プロピレン (10) (t),0024000103,平成24年 1 ～ 3 月
1212417,06041200,出荷 販売 数量,060100000,プロピレン (10) (t),0024000406,平成24年 4 ～ 6 月
1205654,06041200,出荷 販売 数量,060100000,プロピレン (10) (t),0024000709,平成24年 7 ～ 9 月
1260343,06041200,出荷 販売 数量,060100000,プロピレン (10) (t),0024001012,平成24年 10 ～ 12 月
446147,06041200,出荷 販売 数量,060100000,プロピレン (10) (t),0024000101,平成24年1月
420997,06041200,出荷 販売 数量,060100000,プロピレン (10) (t),0024000202,平成24年2月
399733,06041200,出荷 販売 数量,060100000,プロピレン (10) (t),0024000303,平成24年3月
425534,06041200,出荷 販売 数量,060100000,プロピレン (10) (t),0024000404,平成24年4月
420425,06041200,出荷 販売 数量,060100000,プロピレン (10) (t),0024000505,平成24年5月
366458,06041200,出荷 販売 数量,060100000,プロピレン (10) (t),0024000606,平成24年6月
378038,06041200,出荷 販売 数量,060100000,プロピレン (10) (t),0024000707,平成24年7月
437482,06041200,出荷 販売 数量,060100000,プロピレン (10) (t),0024000808,平成24年8月
390134,06041200,出荷 販売 数量,060100000,プロピレン (10) (t),0024000909,平成24年9月
411561,06041200,出荷 販売 数量,060100000,プロピレン (10) (t),0024001010,平成24年10月
413833,06041200,出荷 販売 数量,060100000,プロピレン (10) (t),0024001111,平成24年11月
434949,06041200,出荷 販売 数量,060100000,プロピレン (10) (t),0024001212,平成24年12月
616026,06041200,出荷 販売 数量,060110000,酸化プロピレン (11) (t),0020000000,平成20年
577069,06041200,出荷 販売 数量,060110000,酸化プロピレン (11) (t),0021000000,平成21年
556645,06041200,出荷 販売 数量,060110000,酸化プロピレン (11) (t),0022000000,平成22年
634456,06041200,出荷 販売 数量,060110000,酸化プロピレン (11) (t),0023000000,平成23年
470298,06041200,出荷 販売 数量,060110000,酸化プロピレン (11) (t),0024000000,平成24年
570379,06041200,出荷 販売 数量,060110000,酸化プロピレン (11) (t),0022010000,平成22年度
625202,06041200,出荷 販売 数量,060110000,酸化プロピレン (11) (t),0023010000,平成23年度
156745,06041200,出荷 販売 数量,060110000,酸化プロピレン (11) (t),0024000103,平成24年 1 ～ 3 月
102616,06041200,出荷 販売 数量,060110000,酸化プロピレン (11) (t),0024000406,平成24年 4 ～ 6 月
98820,06041200,出荷 販売 数量,060110000,酸化プロピレン (11) (t),0024000709,平成24年 7 ～ 9 月
112117,06041200,出荷 販売 数量,060110000,酸化プロピレン (11) (t),0024001012,平成24年 10 ～ 12 月
51205,06041200,出荷 販売 数量,060110000,酸化プロピレン (11) (t),0024000101,平成24年1月
53039,06041200,出荷 販売 数量,060110000,酸化プロピレン (11) (t),0024000202,平成24年2月
52501,06041200,出荷 販売 数量,060110000,酸化プロピレン (11) (t),0024000303,平成24年3月
45176,06041200,出荷 販売 数量,060110000,酸化プロピレン (11) (t),0024000404,平成24年4月
34217,06041200,出荷 販売 数量,060110000,酸化プロピレン (11) (t),0024000505,平成24年5月
23223,06041200,出荷 販売 数量,060110000,酸化プロピレン (11) (t),0024000606,平成24年6月
26382,06041200,出荷 販売 数量,060110000,酸化プロピレン (11) (t),0024000707,平成24年7月
33101,06041200,出荷 販売 数量,060110000,酸化プロピレン (11) (t),0024000808,平成24年8月
39337,06041200,出荷 販売 数量,060110000,酸化プロピレン (11) (t),0024000909,平成24年9月
38540,06041200,出荷 販売 数量,060110000,酸化プロピレン (11) (t),0024001010,平成24年10月
43117,06041200,出荷 販売 数量,060110000,酸化プロピレン (11) (t),0024001111,平成24年11月
30460,06041200,出荷 販売 数量,060110000,酸化プロピレン (11) (t),0024001212,平成24年12月
55701,06041200,出荷 販売 数量,060120000,プロピレングリコール (12) (t),0020000000,平成20年
55952,06041200,出荷 販売 数量,060120000,プロピレングリコール (12) (t),0021000000,平成21年
94002,06041200,出荷 販売 数量,060120000,プロピレングリコール (12) (t),0022000000,平成22年
93622,06041200,出荷 販売 数量,060120000,プロピレングリコール (12) (t),0023000000,平成23年
76778,06041200,出荷 販売 数量,060120000,プロピレングリコール (12) (t),0024000000,平成24年
93700,06041200,出荷 販売 数量,060120000,プロピレングリコール (12) (t),0022010000,平成22年度
97289,06041200,出荷 販売 数量,060120000,プロピレングリコール (12) (t),0023010000,平成23年度
26388,06041200,出荷 販売 数量,060120000,プロピレングリコール (12) (t),0024000103,平成24年 1 ～ 3 月
18156,06041200,出荷 販売 数量,060120000,プロピレングリコール (12) (t),0024000406,平成24年 4 ～ 6 月
15603,06041200,出荷 販売 数量,060120000,プロピレングリコール (12) (t),0024000709,平成24年 7 ～ 9 月
16631,06041200,出荷 販売 数量,060120000,プロピレングリコール (12) (t),0024001012,平成24年 10 ～ 12 月
10268,06041200,出荷 販売 数量,060120000,プロピレングリコール (12) (t),0024000101,平成24年1月
7833,06041200,出荷 販売 数量,060120000,プロピレングリコール (12) (t),0024000202,平成24年2月
8287,06041200,出荷 販売 数量,060120000,プロピレングリコール (12) (t),0024000303,平成24年3月
5765,06041200,出荷 販売 数量,060120000,プロピレングリコール (12) (t),0024000404,平成24年4月
4659,06041200,出荷 販売 数量,060120000,プロピレングリコール (12) (t),0024000505,平成24年5月
7732,06041200,出荷 販売 数量,060120000,プロピレングリコール (12) (t),0024000606,平成24年6月
3483,06041200,出荷 販売 数量,060120000,プロピレングリコール (12) (t),0024000707,平成24年7月
2772,06041200,出荷 販売 数量,060120000,プロピレングリコール (12) (t),0024000808,平成24年8月
9348,06041200,出荷 販売 数量,060120000,プロピレングリコール (12) (t),0024000909,平成24年9月
3823,06041200,出荷 販売 数量,060120000,プロピレングリコール (12) (t),0024001010,平成24年10月
4837,06041200,出荷 販売 数量,060120000,プロピレングリコール (12) (t),0024001111,平成24年11月
7971,06041200,出荷 販売 数量,060120000,プロピレングリコール (12) (t),0024001212,平成24年12月
270017,06041200,出荷 販売 数量,060130000,ポリプロピレングリコール (13) (t),0020000000,平成20年
219635,06041200,出荷 販売 数量,060130000,ポリプロピレングリコール (13) (t),0021000000,平成21年
257494,06041200,出荷 販売 数量,060130000,ポリプロピレングリコール (13) (t),0022000000,平成22年
240758,06041200,出荷 販売 数量,060130000,ポリプロピレングリコール (13) (t),0023000000,平成23年
235906,06041200,出荷 販売 数量,060130000,ポリプロピレングリコール (13) (t),0024000000,平成24年
258628,06041200,出荷 販売 数量,060130000,ポリプロピレングリコール (13) (t),0022010000,平成22年度
238130,06041200,出荷 販売 数量,060130000,ポリプロピレングリコール (13) (t),0023010000,平成23年度
60172,06041200,出荷 販売 数量,060130000,ポリプロピレングリコール (13) (t),0024000103,平成24年 1 ～ 3 月
59972,06041200,出荷 販売 数量,060130000,ポリプロピレングリコール (13) (t),0024000406,平成24年 4 ～ 6 月
57453,06041200,出荷 販売 数量,060130000,ポリプロピレングリコール (13) (t),0024000709,平成24年 7 ～ 9 月
58309,06041200,出荷 販売 数量,060130000,ポリプロピレングリコール (13) (t),0024001012,平成24年 10 ～ 12 月
18138,06041200,出荷 販売 数量,060130000,ポリプロピレングリコール (13) (t),0024000101,平成24年1月
20843,06041200,出荷 販売 数量,060130000,ポリプロピレングリコール (13) (t),0024000202,平成24年2月
21191,06041200,出荷 販売 数量,060130000,ポリプロピレングリコール (13) (t),0024000303,平成24年3月
21300,06041200,出荷 販売 数量,060130000,ポリプロピレングリコール (13) (t),0024000404,平成24年4月
19079,06041200,出荷 販売 数量,060130000,ポリプロピレングリコール (13) (t),0024000505,平成24年5月
19593,06041200,出荷 販売 数量,060130000,ポリプロピレングリコール (13) (t),0024000606,平成24年6月
20378,06041200,出荷 販売 数量,060130000,ポリプロピレングリコール (13) (t),0024000707,平成24年7月
18812,06041200,出荷 販売 数量,060130000,ポリプロピレングリコール (13) (t),0024000808,平成24年8月
18263,06041200,出荷 販売 数量,060130000,ポリプロピレングリコール (13) (t),0024000909,平成24年9月
20416,06041200,出荷 販売 数量,060130000,ポリプロピレングリコール (13) (t),0024001010,平成24年10月
20136,06041200,出荷 販売 数量,060130000,ポリプロピレングリコール (13) (t),0024001111,平成24年11月
17757,06041200,出荷 販売 数量,060130000,ポリプロピレングリコール (13) (t),0024001212,平成24年12月
94317,06041200,出荷 販売 数量,060140000,エピクロルヒドリン (14) (t),0020000000,平成20年
71744,06041200,出荷 販売 数量,060140000,エピクロルヒドリン (14) (t),0021000000,平成21年
95685,06041200,出荷 販売 数量,060140000,エピクロルヒドリン (14) (t),0022000000,平成22年
88038,06041200,出荷 販売 数量,060140000,エピクロルヒドリン (14) (t),0023000000,平成23年
96309,06041200,出荷 販売 数量,060140000,エピクロルヒドリン (14) (t),0024000000,平成24年
96819,06041200,出荷 販売 数量,060140000,エピクロルヒドリン (14) (t),0022010000,平成22年度
87511,06041200,出荷 販売 数量,060140000,エピクロルヒドリン (14) (t),0023010000,平成23年度
22750,06041200,出荷 販売 数量,060140000,エピクロルヒドリン (14) (t),0024000103,平成24年 1 ～ 3 月
22538,06041200,出荷 販売 数量,060140000,エピクロルヒドリン (14) (t),0024000406,平成24年 4 ～ 6 月
24016,06041200,出荷 販売 数量,060140000,エピクロルヒドリン (14) (t),0024000709,平成24年 7 ～ 9 月
27005,06041200,出荷 販売 数量,060140000,エピクロルヒドリン (14) (t),0024001012,平成24年 10 ～ 12 月
7472,06041200,出荷 販売 数量,060140000,エピクロルヒドリン (14) (t),0024000101,平成24年1月
8732,06041200,出荷 販売 数量,060140000,エピクロルヒドリン (14) (t),0024000202,平成24年2月
6546,06041200,出荷 販売 数量,060140000,エピクロルヒドリン (14) (t),0024000303,平成24年3月
8641,06041200,出荷 販売 数量,060140000,エピクロルヒドリン (14) (t),0024000404,平成24年4月
8140,06041200,出荷 販売 数量,060140000,エピクロルヒドリン (14) (t),0024000505,平成24年5月
5757,06041200,出荷 販売 数量,060140000,エピクロルヒドリン (14) (t),0024000606,平成24年6月
9641,06041200,出荷 販売 数量,060140000,エピクロルヒドリン (14) (t),0024000707,平成24年7月
8405,06041200,出荷 販売 数量,060140000,エピクロルヒドリン (14) (t),0024000808,平成24年8月
5970,06041200,出荷 販売 数量,060140000,エピクロルヒドリン (14) (t),0024000909,平成24年9月
9141,06041200,出荷 販売 数量,060140000,エピクロルヒドリン (14) (t),0024001010,平成24年10月
8875,06041200,出荷 販売 数量,060140000,エピクロルヒドリン (14) (t),0024001111,平成24年11月
8989,06041200,出荷 販売 数量,060140000,エピクロルヒドリン (14) (t),0024001212,平成24年12月
164130,06041200,出荷 販売 数量,060150000,イソプロピルアルコール (15) (t),0020000000,平成20年
165615,06041200,出荷 販売 数量,060150000,イソプロピルアルコール (15) (t),0021000000,平成21年
181776,06041200,出荷 販売 数量,060150000,イソプロピルアルコール (15) (t),0022000000,平成22年
172911,06041200,出荷 販売 数量,060150000,イソプロピルアルコール (15) (t),0023000000,平成23年
151012,06041200,出荷 販売 数量,060150000,イソプロピルアルコール (15) (t),0024000000,平成24年
180396,06041200,出荷 販売 数量,060150000,イソプロピルアルコール (15) (t),0022010000,平成22年度
167908,06041200,出荷 販売 数量,060150000,イソプロピルアルコール (15) (t),0023010000,平成23年度
39022,06041200,出荷 販売 数量,060150000,イソプロピルアルコール (15) (t),0024000103,平成24年 1 ～ 3 月
38371,06041200,出荷 販売 数量,060150000,イソプロピルアルコール (15) (t),0024000406,平成24年 4 ～ 6 月
35437,06041200,出荷 販売 数量,060150000,イソプロピルアルコール (15) (t),0024000709,平成24年 7 ～ 9 月
38182,06041200,出荷 販売 数量,060150000,イソプロピルアルコール (15) (t),0024001012,平成24年 10 ～ 12 月
12873,06041200,出荷 販売 数量,060150000,イソプロピルアルコール (15) (t),0024000101,平成24年1月
12458,06041200,出荷 販売 数量,060150000,イソプロピルアルコール (15) (t),0024000202,平成24年2月
13691,06041200,出荷 販売 数量,060150000,イソプロピルアルコール (15) (t),0024000303,平成24年3月
15096,06041200,出荷 販売 数量,060150000,イソプロピルアルコール (15) (t),0024000404,平成24年4月
11985,06041200,出荷 販売 数量,060150000,イソプロピルアルコール (15) (t),0024000505,平成24年5月
11290,06041200,出荷 販売 数量,060150000,イソプロピルアルコール (15) (t),0024000606,平成24年6月
15265,06041200,出荷 販売 数量,060150000,イソプロピルアルコール (15) (t),0024000707,平成24年7月
10017,06041200,出荷 販売 数量,060150000,イソプロピルアルコール (15) (t),0024000808,平成24年8月
10155,06041200,出荷 販売 数量,060150000,イソプロピルアルコール (15) (t),0024000909,平成24年9月
11644,06041200,出荷 販売 数量,060150000,イソプロピルアルコール (15) (t),0024001010,平成24年10月
11938,06041200,出荷 販売 数量,060150000,イソプロピルアルコール (15) (t),0024001111,平成24年11月
14600,06041200,出荷 販売 数量,060150000,イソプロピルアルコール (15) (t),0024001212,平成24年12月
329439,06041200,出荷 販売 数量,060160000,合成アセトン (16) (t),0020000000,平成20年
336244,06041200,出荷 販売 数量,060160000,合成アセトン (16) (t),0021000000,平成21年
352729,06041200,出荷 販売 数量,060160000,合成アセトン (16) (t),0022000000,平成22年
322038,06041200,出荷 販売 数量,060160000,合成アセトン (16) (t),0023000000,平成23年
321977,06041200,出荷 販売 数量,060160000,合成アセトン (16) (t),0024000000,平成24年
346110,06041200,出荷 販売 数量,060160000,合成アセトン (16) (t),0022010000,平成22年度
319599,06041200,出荷 販売 数量,060160000,合成アセトン (16) (t),0023010000,平成23年度
89611,06041200,出荷 販売 数量,060160000,合成アセトン (16) (t),0024000103,平成24年 1 ～ 3 月
80903,06041200,出荷 販売 数量,060160000,合成アセトン (16) (t),0024000406,平成24年 4 ～ 6 月
76438,06041200,出荷 販売 数量,060160000,合成アセトン (16) (t),0024000709,平成24年 7 ～ 9 月
75025,06041200,出荷 販売 数量,060160000,合成アセトン (16) (t),0024001012,平成24年 10 ～ 12 月
26214,06041200,出荷 販売 数量,060160000,合成アセトン (16) (t),0024000101,平成24年1月
30730,06041200,出荷 販売 数量,060160000,合成アセトン (16) (t),0024000202,平成24年2月
32667,06041200,出荷 販売 数量,060160000,合成アセトン (16) (t),0024000303,平成24年3月
26427,06041200,出荷 販売 数量,060160000,合成アセトン (16) (t),0024000404,平成24年4月
30194,06041200,出荷 販売 数量,060160000,合成アセトン (16) (t),0024000505,平成24年5月
24282,06041200,出荷 販売 数量,060160000,合成アセトン (16) (t),0024000606,平成24年6月
23077,06041200,出荷 販売 数量,060160000,合成アセトン (16) (t),0024000707,平成24年7月
27923,06041200,出荷 販売 数量,060160000,合成アセトン (16) (t),0024000808,平成24年8月
25438,06041200,出荷 販売 数量,060160000,合成アセトン (16) (t),0024000909,平成24年9月
24746,06041200,出荷 販売 数量,060160000,合成アセトン (16) (t),0024001010,平成24年10月
20784,06041200,出荷 販売 数量,060160000,合成アセトン (16) (t),0024001111,平成24年11月
29495,06041200,出荷 販売 数量,060160000,合成アセトン (16) (t),0024001212,平成24年12月
57571,06041200,出荷 販売 数量,060170000,メチルイソブチルケトン (17) (t),0020000000,平成20年
55514,06041200,出荷 販売 数量,060170000,メチルイソブチルケトン (17) (t),0021000000,平成21年
60067,06041200,出荷 販売 数量,060170000,メチルイソブチルケトン (17) (t),0022000000,平成22年
55651,06041200,出荷 販売 数量,060170000,メチルイソブチルケトン (17) (t),0023000000,平成23年
55881,06041200,出荷 販売 数量,060170000,メチルイソブチルケトン (17) (t),0024000000,平成24年
58819,06041200,出荷 販売 数量,060170000,メチルイソブチルケトン (17) (t),0022010000,平成22年度
56465,06041200,出荷 販売 数量,060170000,メチルイソブチルケトン (17) (t),0023010000,平成23年度
16182,06041200,出荷 販売 数量,060170000,メチルイソブチルケトン (17) (t),0024000103,平成24年 1 ～ 3 月
10195,06041200,出荷 販売 数量,060170000,メチルイソブチルケトン (17) (t),0024000406,平成24年 4 ～ 6 月
14285,06041200,出荷 販売 数量,060170000,メチルイソブチルケトン (17) (t),0024000709,平成24年 7 ～ 9 月
15219,06041200,出荷 販売 数量,060170000,メチルイソブチルケトン (17) (t),0024001012,平成24年 10 ～ 12 月
5925,06041200,出荷 販売 数量,060170000,メチルイソブチルケトン (17) (t),0024000101,平成24年1月
5586,06041200,出荷 販売 数量,060170000,メチルイソブチルケトン (17) (t),0024000202,平成24年2月
4671,06041200,出荷 販売 数量,060170000,メチルイソブチルケトン (17) (t),0024000303,平成24年3月
5538,06041200,出荷 販売 数量,060170000,メチルイソブチルケトン (17) (t),0024000404,平成24年4月
2929,06041200,出荷 販売 数量,060170000,メチルイソブチルケトン (17) (t),0024000505,平成24年5月
1728,06041200,出荷 販売 数量,060170000,メチルイソブチルケトン (17) (t),0024000606,平成24年6月
2716,06041200,出荷 販売 数量,060170000,メチルイソブチルケトン (17) (t),0024000707,平成24年7月
5465,06041200,出荷 販売 数量,060170000,メチルイソブチルケトン (17) (t),0024000808,平成24年8月
6104,06041200,出荷 販売 数量,060170000,メチルイソブチルケトン (17) (t),0024000909,平成24年9月
3587,06041200,出荷 販売 数量,060170000,メチルイソブチルケトン (17) (t),0024001010,平成24年10月
5274,06041200,出荷 販売 数量,060170000,メチルイソブチルケトン (17) (t),0024001111,平成24年11月
6358,06041200,出荷 販売 数量,060170000,メチルイソブチルケトン (17) (t),0024001212,平成24年12月
459875,06041200,出荷 販売 数量,060180000,アクリロニトリル (18) (t),0020000000,平成20年
513189,06041200,出荷 販売 数量,060180000,アクリロニトリル (18) (t),0021000000,平成21年
548723,06041200,出荷 販売 数量,060180000,アクリロニトリル (18) (t),0022000000,平成22年
625205,06041200,出荷 販売 数量,060180000,アクリロニトリル (18) (t),0023000000,平成23年
450002,06041200,出荷 販売 数量,060180000,アクリロニトリル (18) (t),0024000000,平成24年
592071,06041200,出荷 販売 数量,060180000,アクリロニトリル (18) (t),0022010000,平成22年度
567339,06041200,出荷 販売 数量,060180000,アクリロニトリル (18) (t),0023010000,平成23年度
106390,06041200,出荷 販売 数量,060180000,アクリロニトリル (18) (t),0024000103,平成24年 1 ～ 3 月
128230,06041200,出荷 販売 数量,060180000,アクリロニトリル (18) (t),0024000406,平成24年 4 ～ 6 月
116184,06041200,出荷 販売 数量,060180000,アクリロニトリル (18) (t),0024000709,平成24年 7 ～ 9 月
99198,06041200,出荷 販売 数量,060180000,アクリロニトリル (18) (t),0024001012,平成24年 10 ～ 12 月
36058,06041200,出荷 販売 数量,060180000,アクリロニトリル (18) (t),0024000101,平成24年1月
44031,06041200,出荷 販売 数量,060180000,アクリロニトリル (18) (t),0024000202,平成24年2月
26301,06041200,出荷 販売 数量,060180000,アクリロニトリル (18) (t),0024000303,平成24年3月
33103,06041200,出荷 販売 数量,060180000,アクリロニトリル (18) (t),0024000404,平成24年4月
47987,06041200,出荷 販売 数量,060180000,アクリロニトリル (18) (t),0024000505,平成24年5月
47140,06041200,出荷 販売 数量,060180000,アクリロニトリル (18) (t),0024000606,平成24年6月
45154,06041200,出荷 販売 数量,060180000,アクリロニトリル (18) (t),0024000707,平成24年7月
35348,06041200,出荷 販売 数量,060180000,アクリロニトリル (18) (t),0024000808,平成24年8月
35682,06041200,出荷 販売 数量,060180000,アクリロニトリル (18) (t),0024000909,平成24年9月
38447,06041200,出荷 販売 数量,060180000,アクリロニトリル (18) (t),0024001010,平成24年10月
25620,06041200,出荷 販売 数量,060180000,アクリロニトリル (18) (t),0024001111,平成24年11月
35131,06041200,出荷 販売 数量,060180000,アクリロニトリル (18) (t),0024001212,平成24年12月
193899,06041200,出荷 販売 数量,060190000,アクリル酸エステル (19) (t),0020000000,平成20年
184055,06041200,出荷 販売 数量,060190000,アクリル酸エステル (19) (t),0021000000,平成21年
202461,06041200,出荷 販売 数量,060190000,アクリル酸エステル (19) (t),0022000000,平成22年
192977,06041200,出荷 販売 数量,060190000,アクリル酸エステル (19) (t),0023000000,平成23年
166858,06041200,出荷 販売 数量,060190000,アクリル酸エステル (19) (t),0024000000,平成24年
203963,06041200,出荷 販売 数量,060190000,アクリル酸エステル (19) (t),0022010000,平成22年度
189317,06041200,出荷 販売 数量,060190000,アクリル酸エステル (19) (t),0023010000,平成23年度
46843,06041200,出荷 販売 数量,060190000,アクリル酸エステル (19) (t),0024000103,平成24年 1 ～ 3 月
44335,06041200,出荷 販売 数量,060190000,アクリル酸エステル (19) (t),0024000406,平成24年 4 ～ 6 月
45312,06041200,出荷 販売 数量,060190000,アクリル酸エステル (19) (t),0024000709,平成24年 7 ～ 9 月
30368,06041200,出荷 販売 数量,060190000,アクリル酸エステル (19) (t),0024001012,平成24年 10 ～ 12 月
14107,06041200,出荷 販売 数量,060190000,アクリル酸エステル (19) (t),0024000101,平成24年1月
15667,06041200,出荷 販売 数量,060190000,アクリル酸エステル (19) (t),0024000202,平成24年2月
17069,06041200,出荷 販売 数量,060190000,アクリル酸エステル (19) (t),0024000303,平成24年3月
14970,06041200,出荷 販売 数量,060190000,アクリル酸エステル (19) (t),0024000404,平成24年4月
15643,06041200,出荷 販売 数量,060190000,アクリル酸エステル (19) (t),0024000505,平成24年5月
13722,06041200,出荷 販売 数量,060190000,アクリル酸エステル (19) (t),0024000606,平成24年6月
17518,06041200,出荷 販売 数量,060190000,アクリル酸エステル (19) (t),0024000707,平成24年7月
13722,06041200,出荷 販売 数量,060190000,アクリル酸エステル (19) (t),0024000808,平成24年8月
14072,06041200,出荷 販売 数量,060190000,アクリル酸エステル (19) (t),0024000909,平成24年9月
12583,06041200,出荷 販売 数量,060190000,アクリル酸エステル (19) (t),0024001010,平成24年10月
9612,06041200,出荷 販売 数量,060190000,アクリル酸エステル (19) (t),0024001111,平成24年11月
8173,06041200,出荷 販売 数量,060190000,アクリル酸エステル (19) (t),0024001212,平成24年12月
262671,06041200,出荷 販売 数量,060200000,合成オクタノール (20) (t),0020000000,平成20年
263487,06041200,出荷 販売 数量,060200000,合成オクタノール (20) (t),0021000000,平成21年
289618,06041200,出荷 販売 数量,060200000,合成オクタノール (20) (t),0022000000,平成22年
256486,06041200,出荷 販売 数量,060200000,合成オクタノール (20) (t),0023000000,平成23年
250694,06041200,出荷 販売 数量,060200000,合成オクタノール (20) (t),0024000000,平成24年
290321,06041200,出荷 販売 数量,060200000,合成オクタノール (20) (t),0022010000,平成22年度
248806,06041200,出荷 販売 数量,060200000,合成オクタノール (20) (t),0023010000,平成23年度
63870,06041200,出荷 販売 数量,060200000,合成オクタノール (20) (t),0024000103,平成24年 1 ～ 3 月
48098,06041200,出荷 販売 数量,060200000,合成オクタノール (20) (t),0024000406,平成24年 4 ～ 6 月
69203,06041200,出荷 販売 数量,060200000,合成オクタノール (20) (t),0024000709,平成24年 7 ～ 9 月
69523,06041200,出荷 販売 数量,060200000,合成オクタノール (20) (t),0024001012,平成24年 10 ～ 12 月
19978,06041200,出荷 販売 数量,060200000,合成オクタノール (20) (t),0024000101,平成24年1月
22828,06041200,出荷 販売 数量,060200000,合成オクタノール (20) (t),0024000202,平成24年2月
21064,06041200,出荷 販売 数量,060200000,合成オクタノール (20) (t),0024000303,平成24年3月
13878,06041200,出荷 販売 数量,060200000,合成オクタノール (20) (t),0024000404,平成24年4月
17605,06041200,出荷 販売 数量,060200000,合成オクタノール (20) (t),0024000505,平成24年5月
16615,06041200,出荷 販売 数量,060200000,合成オクタノール (20) (t),0024000606,平成24年6月
21775,06041200,出荷 販売 数量,060200000,合成オクタノール (20) (t),0024000707,平成24年7月
23083,06041200,出荷 販売 数量,060200000,合成オクタノール (20) (t),0024000808,平成24年8月
24345,06041200,出荷 販売 数量,060200000,合成オクタノール (20) (t),0024000909,平成24年9月
23310,06041200,出荷 販売 数量,060200000,合成オクタノール (20) (t),0024001010,平成24年10月
20492,06041200,出荷 販売 数量,060200000,合成オクタノール (20) (t),0024001111,平成24年11月
25721,06041200,出荷 販売 数量,060200000,合成オクタノール (20) (t),0024001212,平成24年12月
179934,06041200,出荷 販売 数量,060210000,合成ブタノール (21) (t),0020000000,平成20年
165307,06041200,出荷 販売 数量,060210000,合成ブタノール (21) (t),0021000000,平成21年
224182,06041200,出荷 販売 数量,060210000,合成ブタノール (21) (t),0022000000,平成22年
173863,06041200,出荷 販売 数量,060210000,合成ブタノール (21) (t),0023000000,平成23年
129015,06041200,出荷 販売 数量,060210000,合成ブタノール (21) (t),0024000000,平成24年
221376,06041200,出荷 販売 数量,060210000,合成ブタノール (21) (t),0022010000,平成22年度
155388,06041200,出荷 販売 数量,060210000,合成ブタノール (21) (t),0023010000,平成23年度
33127,06041200,出荷 販売 数量,060210000,合成ブタノール (21) (t),0024000103,平成24年 1 ～ 3 月
31447,06041200,出荷 販売 数量,060210000,合成ブタノール (21) (t),0024000406,平成24年 4 ～ 6 月
30981,06041200,出荷 販売 数量,060210000,合成ブタノール (21) (t),0024000709,平成24年 7 ～ 9 月
33460,06041200,出荷 販売 数量,060210000,合成ブタノール (21) (t),0024001012,平成24年 10 ～ 12 月
12398,06041200,出荷 販売 数量,060210000,合成ブタノール (21) (t),0024000101,平成24年1月
11273,06041200,出荷 販売 数量,060210000,合成ブタノール (21) (t),0024000202,平成24年2月
9456,06041200,出荷 販売 数量,060210000,合成ブタノール (21) (t),0024000303,平成24年3月
10214,06041200,出荷 販売 数量,060210000,合成ブタノール (21) (t),0024000404,平成24年4月
10062,06041200,出荷 販売 数量,060210000,合成ブタノール (21) (t),0024000505,平成24年5月
11171,06041200,出荷 販売 数量,060210000,合成ブタノール (21) (t),0024000606,平成24年6月
11541,06041200,出荷 販売 数量,060210000,合成ブタノール (21) (t),0024000707,平成24年7月
10405,06041200,出荷 販売 数量,060210000,合成ブタノール (21) (t),0024000808,平成24年8月
9035,06041200,出荷 販売 数量,060210000,合成ブタノール (21) (t),0024000909,平成24年9月
9008,06041200,出荷 販売 数量,060210000,合成ブタノール (21) (t),0024001010,平成24年10月
11856,06041200,出荷 販売 数量,060210000,合成ブタノール (21) (t),0024001111,平成24年11月
12596,06041200,出荷 販売 数量,060210000,合成ブタノール (21) (t),0024001212,平成24年12月
222073,06041200,出荷 販売 数量,060220000,メチルエチルケトン (22) (t),0020000000,平成20年
207736,06041200,出荷 販売 数量,060220000,メチルエチルケトン (22) (t),0021000000,平成21年
224968,06041200,出荷 販売 数量,060220000,メチルエチルケトン (22) (t),0022000000,平成22年
116958,06041200,出荷 販売 数量,060220000,メチルエチルケトン (22) (t),0023000000,平成23年
130362,06041200,出荷 販売 数量,060220000,メチルエチルケトン (22) (t),0024000000,平成24年
219379,06041200,出荷 販売 数量,060220000,メチルエチルケトン (22) (t),0022010000,平成22年度
81275,06041200,出荷 販売 数量,060220000,メチルエチルケトン (22) (t),0023010000,平成23年度
20265,06041200,出荷 販売 数量,060220000,メチルエチルケトン (22) (t),0024000103,平成24年 1 ～ 3 月
28608,06041200,出荷 販売 数量,060220000,メチルエチルケトン (22) (t),0024000406,平成24年 4 ～ 6 月
40670,06041200,出荷 販売 数量,060220000,メチルエチルケトン (22) (t),0024000709,平成24年 7 ～ 9 月
40819,06041200,出荷 販売 数量,060220000,メチルエチルケトン (22) (t),0024001012,平成24年 10 ～ 12 月
5445,06041200,出荷 販売 数量,060220000,メチルエチルケトン (22) (t),0024000101,平成24年1月
7213,06041200,出荷 販売 数量,060220000,メチルエチルケトン (22) (t),0024000202,平成24年2月
7607,06041200,出荷 販売 数量,060220000,メチルエチルケトン (22) (t),0024000303,平成24年3月
9350,06041200,出荷 販売 数量,060220000,メチルエチルケトン (22) (t),0024000404,平成24年4月
10130,06041200,出荷 販売 数量,060220000,メチルエチルケトン (22) (t),0024000505,平成24年5月
9128,06041200,出荷 販売 数量,060220000,メチルエチルケトン (22) (t),0024000606,平成24年6月
11232,06041200,出荷 販売 数量,060220000,メチルエチルケトン (22) (t),0024000707,平成24年7月
12992,06041200,出荷 販売 数量,060220000,メチルエチルケトン (22) (t),0024000808,平成24年8月
16446,06041200,出荷 販売 数量,060220000,メチルエチルケトン (22) (t),0024000909,平成24年9月
15258,06041200,出荷 販売 数量,060220000,メチルエチルケトン (22) (t),0024001010,平成24年10月
11383,06041200,出荷 販売 数量,060220000,メチルエチルケトン (22) (t),0024001111,平成24年11月
14178,06041200,出荷 販売 数量,060220000,メチルエチルケトン (22) (t),0024001212,平成24年12月
2486760,06041200,出荷 販売 数量,060230000,ブタン･ブチレン (23) (t),0020000000,平成20年
2295941,06041200,出荷 販売 数量,060230000,ブタン･ブチレン (23) (t),0021000000,平成21年
2486370,06041200,出荷 販売 数量,060230000,ブタン･ブチレン (23) (t),0022000000,平成22年
2471656,06041200,出荷 販売 数量,060230000,ブタン･ブチレン (23) (t),0023000000,平成23年
2303293,06041200,出荷 販売 数量,060230000,ブタン･ブチレン (23) (t),0024000000,平成24年
2499341,06041200,出荷 販売 数量,060230000,ブタン･ブチレン (23) (t),0022010000,平成22年度
2405575,06041200,出荷 販売 数量,060230000,ブタン･ブチレン (23) (t),0023010000,平成23年度
546780,06041200,出荷 販売 数量,060230000,ブタン･ブチレン (23) (t),0024000103,平成24年 1 ～ 3 月
562542,06041200,出荷 販売 数量,060230000,ブタン･ブチレン (23) (t),0024000406,平成24年 4 ～ 6 月
609931,06041200,出荷 販売 数量,060230000,ブタン･ブチレン (23) (t),0024000709,平成24年 7 ～ 9 月
584040,06041200,出荷 販売 数量,060230000,ブタン･ブチレン (23) (t),0024001012,平成24年 10 ～ 12 月
197472,06041200,出荷 販売 数量,060230000,ブタン･ブチレン (23) (t),0024000101,平成24年1月
185077,06041200,出荷 販売 数量,060230000,ブタン･ブチレン (23) (t),0024000202,平成24年2月
164231,06041200,出荷 販売 数量,060230000,ブタン･ブチレン (23) (t),0024000303,平成24年3月
171337,06041200,出荷 販売 数量,060230000,ブタン･ブチレン (23) (t),0024000404,平成24年4月
212889,06041200,出荷 販売 数量,060230000,ブタン･ブチレン (23) (t),0024000505,平成24年5月
178316,06041200,出荷 販売 数量,060230000,ブタン･ブチレン (23) (t),0024000606,平成24年6月
190011,06041200,出荷 販売 数量,060230000,ブタン･ブチレン (23) (t),0024000707,平成24年7月
222420,06041200,出荷 販売 数量,060230000,ブタン･ブチレン (23) (t),0024000808,平成24年8月
197500,06041200,出荷 販売 数量,060230000,ブタン･ブチレン (23) (t),0024000909,平成24年9月
183776,06041200,出荷 販売 数量,060230000,ブタン･ブチレン (23) (t),0024001010,平成24年10月
194483,06041200,出荷 販売 数量,060230000,ブタン･ブチレン (23) (t),0024001111,平成24年11月
205781,06041200,出荷 販売 数量,060230000,ブタン･ブチレン (23) (t),0024001212,平成24年12月
688245,06041200,出荷 販売 数量,060240000,ブタジエン (24) (t),0020000000,平成20年
650602,06041200,出荷 販売 数量,060240000,ブタジエン (24) (t),0021000000,平成21年
700528,06041200,出荷 販売 数量,060240000,ブタジエン (24) (t),0022000000,平成22年
690449,06041200,出荷 販売 数量,060240000,ブタジエン (24) (t),0023000000,平成23年
656598,06041200,出荷 販売 数量,060240000,ブタジエン (24) (t),0024000000,平成24年
708237,06041200,出荷 販売 数量,060240000,ブタジエン (24) (t),0022010000,平成22年度
656842,06041200,出荷 販売 数量,060240000,ブタジエン (24) (t),0023010000,平成23年度
150080,06041200,出荷 販売 数量,060240000,ブタジエン (24) (t),0024000103,平成24年 1 ～ 3 月
162893,06041200,出荷 販売 数量,060240000,ブタジエン (24) (t),0024000406,平成24年 4 ～ 6 月
163703,06041200,出荷 販売 数量,060240000,ブタジエン (24) (t),0024000709,平成24年 7 ～ 9 月
179922,06041200,出荷 販売 数量,060240000,ブタジエン (24) (t),0024001012,平成24年 10 ～ 12 月
56739,06041200,出荷 販売 数量,060240000,ブタジエン (24) (t),0024000101,平成24年1月
50596,06041200,出荷 販売 数量,060240000,ブタジエン (24) (t),0024000202,平成24年2月
42745,06041200,出荷 販売 数量,060240000,ブタジエン (24) (t),0024000303,平成24年3月
51682,06041200,出荷 販売 数量,060240000,ブタジエン (24) (t),0024000404,平成24年4月
55282,06041200,出荷 販売 数量,060240000,ブタジエン (24) (t),0024000505,平成24年5月
55929,06041200,出荷 販売 数量,060240000,ブタジエン (24) (t),0024000606,平成24年6月
56772,06041200,出荷 販売 数量,060240000,ブタジエン (24) (t),0024000707,平成24年7月
55551,06041200,出荷 販売 数量,060240000,ブタジエン (24) (t),0024000808,平成24年8月
51380,06041200,出荷 販売 数量,060240000,ブタジエン (24) (t),0024000909,平成24年9月
60268,06041200,出荷 販売 数量,060240000,ブタジエン (24) (t),0024001010,平成24年10月
58130,06041200,出荷 販売 数量,060240000,ブタジエン (24) (t),0024001111,平成24年11月
61524,06041200,出荷 販売 数量,060240000,ブタジエン (24) (t),0024001212,平成24年12月
134048,06041200,出荷 販売 数量,060250000,ノルマルパラフィン (25) (t),0020000000,平成20年
90608,06041200,出荷 販売 数量,060250000,ノルマルパラフィン (25) (t),0021000000,平成21年
115373,06041200,出荷 販売 数量,060250000,ノルマルパラフィン (25) (t),0022000000,平成22年
X,06041200,出荷 販売 数量,060250000,ノルマルパラフィン (25) (t),0023000000,平成23年
X,06041200,出荷 販売 数量,060250000,ノルマルパラフィン (25) (t),0024000000,平成24年
X,06041200,出荷 販売 数量,060250000,ノルマルパラフィン (25) (t),0022010000,平成22年度
X,06041200,出荷 販売 数量,060250000,ノルマルパラフィン (25) (t),0023010000,平成23年度
X,06041200,出荷 販売 数量,060250000,ノルマルパラフィン (25) (t),0024000103,平成24年 1 ～ 3 月
X,06041200,出荷 販売 数量,060250000,ノルマルパラフィン (25) (t),0024000406,平成24年 4 ～ 6 月
X,06041200,出荷 販売 数量,060250000,ノルマルパラフィン (25) (t),0024000709,平成24年 7 ～ 9 月
X,06041200,出荷 販売 数量,060250000,ノルマルパラフィン (25) (t),0024001012,平成24年 10 ～ 12 月
X,06041200,出荷 販売 数量,060250000,ノルマルパラフィン (25) (t),0024000101,平成24年1月
X,06041200,出荷 販売 数量,060250000,ノルマルパラフィン (25) (t),0024000202,平成24年2月
X,06041200,出荷 販売 数量,060250000,ノルマルパラフィン (25) (t),0024000303,平成24年3月
X,06041200,出荷 販売 数量,060250000,ノルマルパラフィン (25) (t),0024000404,平成24年4月
X,06041200,出荷 販売 数量,060250000,ノルマルパラフィン (25) (t),0024000505,平成24年5月
X,06041200,出荷 販売 数量,060250000,ノルマルパラフィン (25) (t),0024000606,平成24年6月
X,06041200,出荷 販売 数量,060250000,ノルマルパラフィン (25) (t),0024000707,平成24年7月
X,06041200,出荷 販売 数量,060250000,ノルマルパラフィン (25) (t),0024000808,平成24年8月
X,06041200,出荷 販売 数量,060250000,ノルマルパラフィン (25) (t),0024000909,平成24年9月
X,06041200,出荷 販売 数量,060250000,ノルマルパラフィン (25) (t),0024001010,平成24年10月
X,06041200,出荷 販売 数量,060250000,ノルマルパラフィン (25) (t),0024001111,平成24年11月
X,06041200,出荷 販売 数量,060250000,ノルマルパラフィン (25) (t),0024001212,平成24年12月
1138292,06041200,出荷 販売 数量,060260000,分解ガソリン (26) (t),0020000000,平成20年
1048756,06041200,出荷 販売 数量,060260000,分解ガソリン (26) (t),0021000000,平成21年
1061025,06041200,出荷 販売 数量,060260000,分解ガソリン (26) (t),0022000000,平成22年
1070067,06041200,出荷 販売 数量,060260000,分解ガソリン (26) (t),0023000000,平成23年
933954,06041200,出荷 販売 数量,060260000,分解ガソリン (26) (t),0024000000,平成24年
1096609,06041200,出荷 販売 数量,060260000,分解ガソリン (26) (t),0022010000,平成22年度
996637,06041200,出荷 販売 数量,060260000,分解ガソリン (26) (t),0023010000,平成23年度
222659,06041200,出荷 販売 数量,060260000,分解ガソリン (26) (t),0024000103,平成24年 1 ～ 3 月
189863,06041200,出荷 販売 数量,060260000,分解ガソリン (26) (t),0024000406,平成24年 4 ～ 6 月
259061,06041200,出荷 販売 数量,060260000,分解ガソリン (26) (t),0024000709,平成24年 7 ～ 9 月
262371,06041200,出荷 販売 数量,060260000,分解ガソリン (26) (t),0024001012,平成24年 10 ～ 12 月
81582,06041200,出荷 販売 数量,060260000,分解ガソリン (26) (t),0024000101,平成24年1月
79888,06041200,出荷 販売 数量,060260000,分解ガソリン (26) (t),0024000202,平成24年2月
61189,06041200,出荷 販売 数量,060260000,分解ガソリン (26) (t),0024000303,平成24年3月
54000,06041200,出荷 販売 数量,060260000,分解ガソリン (26) (t),0024000404,平成24年4月
65100,06041200,出荷 販売 数量,060260000,分解ガソリン (26) (t),0024000505,平成24年5月
70763,06041200,出荷 販売 数量,060260000,分解ガソリン (26) (t),0024000606,平成24年6月
84736,06041200,出荷 販売 数量,060260000,分解ガソリン (26) (t),0024000707,平成24年7月
85891,06041200,出荷 販売 数量,060260000,分解ガソリン (26) (t),0024000808,平成24年8月
88434,06041200,出荷 販売 数量,060260000,分解ガソリン (26) (t),0024000909,平成24年9月
84550,06041200,出荷 販売 数量,060260000,分解ガソリン (26) (t),0024001010,平成24年10月
88703,06041200,出荷 販売 数量,060260000,分解ガソリン (26) (t),0024001111,平成24年11月
89118,06041200,出荷 販売 数量,060260000,分解ガソリン (26) (t),0024001212,平成24年12月
325780,06041200,出荷 販売 数量,060271000,エチルアルコール（95％換算） 計 (27～28) (kl),0020000000,平成20年
363127,06041200,出荷 販売 数量,060271000,エチルアルコール（95％換算） 計 (27～28) (kl),0021000000,平成21年
347651,06041200,出荷 販売 数量,060271000,エチルアルコール（95％換算） 計 (27～28) (kl),0022000000,平成22年
360083,06041200,出荷 販売 数量,060271000,エチルアルコール（95％換算） 計 (27～28) (kl),0023000000,平成23年
365752,06041200,出荷 販売 数量,060271000,エチルアルコール（95％換算） 計 (27～28) (kl),0024000000,平成24年
349713,06041200,出荷 販売 数量,060271000,エチルアルコール（95％換算） 計 (27～28) (kl),0022010000,平成22年度
358923,06041200,出荷 販売 数量,060271000,エチルアルコール（95％換算） 計 (27～28) (kl),0023010000,平成23年度
82353,06041200,出荷 販売 数量,060271000,エチルアルコール（95％換算） 計 (27～28) (kl),0024000103,平成24年 1 ～ 3 月
98004,06041200,出荷 販売 数量,060271000,エチルアルコール（95％換算） 計 (27～28) (kl),0024000406,平成24年 4 ～ 6 月
91599,06041200,出荷 販売 数量,060271000,エチルアルコール（95％換算） 計 (27～28) (kl),0024000709,平成24年 7 ～ 9 月
93796,06041200,出荷 販売 数量,060271000,エチルアルコール（95％換算） 計 (27～28) (kl),0024001012,平成24年 10 ～ 12 月
26148,06041200,出荷 販売 数量,060271000,エチルアルコール（95％換算） 計 (27～28) (kl),0024000101,平成24年1月
27861,06041200,出荷 販売 数量,060271000,エチルアルコール（95％換算） 計 (27～28) (kl),0024000202,平成24年2月
28344,06041200,出荷 販売 数量,060271000,エチルアルコール（95％換算） 計 (27～28) (kl),0024000303,平成24年3月
32670,06041200,出荷 販売 数量,060271000,エチルアルコール（95％換算） 計 (27～28) (kl),0024000404,平成24年4月
32081,06041200,出荷 販売 数量,060271000,エチルアルコール（95％換算） 計 (27～28) (kl),0024000505,平成24年5月
33253,06041200,出荷 販売 数量,060271000,エチルアルコール（95％換算） 計 (27～28) (kl),0024000606,平成24年6月
34311,06041200,出荷 販売 数量,060271000,エチルアルコール（95％換算） 計 (27～28) (kl),0024000707,平成24年7月
26912,06041200,出荷 販売 数量,060271000,エチルアルコール（95％換算） 計 (27～28) (kl),0024000808,平成24年8月
30376,06041200,出荷 販売 数量,060271000,エチルアルコール（95％換算） 計 (27～28) (kl),0024000909,平成24年9月
31779,06041200,出荷 販売 数量,060271000,エチルアルコール（95％換算） 計 (27～28) (kl),0024001010,平成24年10月
32543,06041200,出荷 販売 数量,060271000,エチルアルコール（95％換算） 計 (27～28) (kl),0024001111,平成24年11月
29474,06041200,出荷 販売 数量,060271000,エチルアルコール（95％換算） 計 (27～28) (kl),0024001212,平成24年12月
X,06041200,出荷 販売 数量,060271100,エチルアルコール（95％換算） 発酵エチルアルコール（95％換算） (27) (kl),0020000000,平成20年
X,06041200,出荷 販売 数量,060271100,エチルアルコール（95％換算） 発酵エチルアルコール（95％換算） (27) (kl),0021000000,平成21年
X,06041200,出荷 販売 数量,060271100,エチルアルコール（95％換算） 発酵エチルアルコール（95％換算） (27) (kl),0022000000,平成22年
X,06041200,出荷 販売 数量,060271100,エチルアルコール（95％換算） 発酵エチルアルコール（95％換算） (27) (kl),0023000000,平成23年
X,06041200,出荷 販売 数量,060271100,エチルアルコール（95％換算） 発酵エチルアルコール（95％換算） (27) (kl),0024000000,平成24年
X,06041200,出荷 販売 数量,060271100,エチルアルコール（95％換算） 発酵エチルアルコール（95％換算） (27) (kl),0022010000,平成22年度
X,06041200,出荷 販売 数量,060271100,エチルアルコール（95％換算） 発酵エチルアルコール（95％換算） (27) (kl),0023010000,平成23年度
X,06041200,出荷 販売 数量,060271100,エチルアルコール（95％換算） 発酵エチルアルコール（95％換算） (27) (kl),0024000103,平成24年 1 ～ 3 月
X,06041200,出荷 販売 数量,060271100,エチルアルコール（95％換算） 発酵エチルアルコール（95％換算） (27) (kl),0024000406,平成24年 4 ～ 6 月
X,06041200,出荷 販売 数量,060271100,エチルアルコール（95％換算） 発酵エチルアルコール（95％換算） (27) (kl),0024000709,平成24年 7 ～ 9 月
X,06041200,出荷 販売 数量,060271100,エチルアルコール（95％換算） 発酵エチルアルコール（95％換算） (27) (kl),0024001012,平成24年 10 ～ 12 月
X,06041200,出荷 販売 数量,060271100,エチルアルコール（95％換算） 発酵エチルアルコール（95％換算） (27) (kl),0024000101,平成24年1月
X,06041200,出荷 販売 数量,060271100,エチルアルコール（95％換算） 発酵エチルアルコール（95％換算） (27) (kl),0024000202,平成24年2月
X,06041200,出荷 販売 数量,060271100,エチルアルコール（95％換算） 発酵エチルアルコール（95％換算） (27) (kl),0024000303,平成24年3月
X,06041200,出荷 販売 数量,060271100,エチルアルコール（95％換算） 発酵エチルアルコール（95％換算） (27) (kl),0024000404,平成24年4月
X,06041200,出荷 販売 数量,060271100,エチルアルコール（95％換算） 発酵エチルアルコール（95％換算） (27) (kl),0024000505,平成24年5月
X,06041200,出荷 販売 数量,060271100,エチルアルコール（95％換算） 発酵エチルアルコール（95％換算） (27) (kl),0024000606,平成24年6月
X,06041200,出荷 販売 数量,060271100,エチルアルコール（95％換算） 発酵エチルアルコール（95％換算） (27) (kl),0024000707,平成24年7月
X,06041200,出荷 販売 数量,060271100,エチルアルコール（95％換算） 発酵エチルアルコール（95％換算） (27) (kl),0024000808,平成24年8月
X,06041200,出荷 販売 数量,060271100,エチルアルコール（95％換算） 発酵エチルアルコール（95％換算） (27) (kl),0024000909,平成24年9月
X,06041200,出荷 販売 数量,060271100,エチルアルコール（95％換算） 発酵エチルアルコール（95％換算） (27) (kl),0024001010,平成24年10月
X,06041200,出荷 販売 数量,060271100,エチルアルコール（95％換算） 発酵エチルアルコール（95％換算） (27) (kl),0024001111,平成24年11月
X,06041200,出荷 販売 数量,060271100,エチルアルコール（95％換算） 発酵エチルアルコール（95％換算） (27) (kl),0024001212,平成24年12月
X,06041200,出荷 販売 数量,060271200,エチルアルコール（95％換算） エチルアルコール（95％換算） (28) (kl),0020000000,平成20年
X,06041200,出荷 販売 数量,060271200,エチルアルコール（95％換算） エチルアルコール（95％換算） (28) (kl),0021000000,平成21年
X,06041200,出荷 販売 数量,060271200,エチルアルコール（95％換算） エチルアルコール（95％換算） (28) (kl),0022000000,平成22年
X,06041200,出荷 販売 数量,060271200,エチルアルコール（95％換算） エチルアルコール（95％換算） (28) (kl),0023000000,平成23年
X,06041200,出荷 販売 数量,060271200,エチルアルコール（95％換算） エチルアルコール（95％換算） (28) (kl),0024000000,平成24年
X,06041200,出荷 販売 数量,060271200,エチルアルコール（95％換算） エチルアルコール（95％換算） (28) (kl),0022010000,平成22年度
X,06041200,出荷 販売 数量,060271200,エチルアルコール（95％換算） エチルアルコール（95％換算） (28) (kl),0023010000,平成23年度
X,06041200,出荷 販売 数量,060271200,エチルアルコール（95％換算） エチルアルコール（95％換算） (28) (kl),0024000103,平成24年 1 ～ 3 月
X,06041200,出荷 販売 数量,060271200,エチルアルコール（95％換算） エチルアルコール（95％換算） (28) (kl),0024000406,平成24年 4 ～ 6 月
X,06041200,出荷 販売 数量,060271200,エチルアルコール（95％換算） エチルアルコール（95％換算） (28) (kl),0024000709,平成24年 7 ～ 9 月
X,06041200,出荷 販売 数量,060271200,エチルアルコール（95％換算） エチルアルコール（95％換算） (28) (kl),0024001012,平成24年 10 ～ 12 月
X,06041200,出荷 販売 数量,060271200,エチルアルコール（95％換算） エチルアルコール（95％換算） (28) (kl),0024000101,平成24年1月
X,06041200,出荷 販売 数量,060271200,エチルアルコール（95％換算） エチルアルコール（95％換算） (28) (kl),0024000202,平成24年2月
X,06041200,出荷 販売 数量,060271200,エチルアルコール（95％換算） エチルアルコール（95％換算） (28) (kl),0024000303,平成24年3月
X,06041200,出荷 販売 数量,060271200,エチルアルコール（95％換算） エチルアルコール（95％換算） (28) (kl),0024000404,平成24年4月
X,06041200,出荷 販売 数量,060271200,エチルアルコール（95％換算） エチルアルコール（95％換算） (28) (kl),0024000505,平成24年5月
X,06041200,出荷 販売 数量,060271200,エチルアルコール（95％換算） エチルアルコール（95％換算） (28) (kl),0024000606,平成24年6月
X,06041200,出荷 販売 数量,060271200,エチルアルコール（95％換算） エチルアルコール（95％換算） (28) (kl),0024000707,平成24年7月
X,06041200,出荷 販売 数量,060271200,エチルアルコール（95％換算） エチルアルコール（95％換算） (28) (kl),0024000808,平成24年8月
X,06041200,出荷 販売 数量,060271200,エチルアルコール（95％換算） エチルアルコール（95％換算） (28) (kl),0024000909,平成24年9月
X,06041200,出荷 販売 数量,060271200,エチルアルコール（95％換算） エチルアルコール（95％換算） (28) (kl),0024001010,平成24年10月
X,06041200,出荷 販売 数量,060271200,エチルアルコール（95％換算） エチルアルコール（95％換算） (28) (kl),0024001111,平成24年11月
X,06041200,出荷 販売 数量,060271200,エチルアルコール（95％換算） エチルアルコール（95％換算） (28) (kl),0024001212,平成24年12月
49763,06041200,出荷 販売 数量,060280000,無水酢酸 (29) (t),0020000000,平成20年
35168,06041200,出荷 販売 数量,060280000,無水酢酸 (29) (t),0021000000,平成21年
39828,06041200,出荷 販売 数量,060280000,無水酢酸 (29) (t),0022000000,平成22年
X,06041200,出荷 販売 数量,060280000,無水酢酸 (29) (t),0023000000,平成23年
X,06041200,出荷 販売 数量,060280000,無水酢酸 (29) (t),0024000000,平成24年
X,06041200,出荷 販売 数量,060280000,無水酢酸 (29) (t),0022010000,平成22年度
X,06041200,出荷 販売 数量,060280000,無水酢酸 (29) (t),0023010000,平成23年度
X,06041200,出荷 販売 数量,060280000,無水酢酸 (29) (t),0024000103,平成24年 1 ～ 3 月
X,06041200,出荷 販売 数量,060280000,無水酢酸 (29) (t),0024000406,平成24年 4 ～ 6 月
X,06041200,出荷 販売 数量,060280000,無水酢酸 (29) (t),0024000709,平成24年 7 ～ 9 月
X,06041200,出荷 販売 数量,060280000,無水酢酸 (29) (t),0024001012,平成24年 10 ～ 12 月
X,06041200,出荷 販売 数量,060280000,無水酢酸 (29) (t),0024000101,平成24年1月
X,06041200,出荷 販売 数量,060280000,無水酢酸 (29) (t),0024000202,平成24年2月
X,06041200,出荷 販売 数量,060280000,無水酢酸 (29) (t),0024000303,平成24年3月
X,06041200,出荷 販売 数量,060280000,無水酢酸 (29) (t),0024000404,平成24年4月
X,06041200,出荷 販売 数量,060280000,無水酢酸 (29) (t),0024000505,平成24年5月
X,06041200,出荷 販売 数量,060280000,無水酢酸 (29) (t),0024000606,平成24年6月
X,06041200,出荷 販売 数量,060280000,無水酢酸 (29) (t),0024000707,平成24年7月
X,06041200,出荷 販売 数量,060280000,無水酢酸 (29) (t),0024000808,平成24年8月
X,06041200,出荷 販売 数量,060280000,無水酢酸 (29) (t),0024000909,平成24年9月
X,06041200,出荷 販売 数量,060280000,無水酢酸 (29) (t),0024001010,平成24年10月
X,06041200,出荷 販売 数量,060280000,無水酢酸 (29) (t),0024001111,平成24年11月
X,06041200,出荷 販売 数量,060280000,無水酢酸 (29) (t),0024001212,平成24年12月
68736,06041200,出荷 販売 数量,060290000,トリクロルエチレン (30) (t),0020000000,平成20年
50910,06041200,出荷 販売 数量,060290000,トリクロルエチレン (30) (t),0021000000,平成21年
50216,06041200,出荷 販売 数量,060290000,トリクロルエチレン (30) (t),0022000000,平成22年
X,06041200,出荷 販売 数量,060290000,トリクロルエチレン (30) (t),0023000000,平成23年
X,06041200,出荷 販売 数量,060290000,トリクロルエチレン (30) (t),0024000000,平成24年
X,06041200,出荷 販売 数量,060290000,トリクロルエチレン (30) (t),0022010000,平成22年度
X,06041200,出荷 販売 数量,060290000,トリクロルエチレン (30) (t),0023010000,平成23年度
X,06041200,出荷 販売 数量,060290000,トリクロルエチレン (30) (t),0024000103,平成24年 1 ～ 3 月
X,06041200,出荷 販売 数量,060290000,トリクロルエチレン (30) (t),0024000406,平成24年 4 ～ 6 月
X,06041200,出荷 販売 数量,060290000,トリクロルエチレン (30) (t),0024000709,平成24年 7 ～ 9 月
X,06041200,出荷 販売 数量,060290000,トリクロルエチレン (30) (t),0024001012,平成24年 10 ～ 12 月
X,06041200,出荷 販売 数量,060290000,トリクロルエチレン (30) (t),0024000101,平成24年1月
X,06041200,出荷 販売 数量,060290000,トリクロルエチレン (30) (t),0024000202,平成24年2月
X,06041200,出荷 販売 数量,060290000,トリクロルエチレン (30) (t),0024000303,平成24年3月
X,06041200,出荷 販売 数量,060290000,トリクロルエチレン (30) (t),0024000404,平成24年4月
X,06041200,出荷 販売 数量,060290000,トリクロルエチレン (30) (t),0024000505,平成24年5月
X,06041200,出荷 販売 数量,060290000,トリクロルエチレン (30) (t),0024000606,平成24年6月
X,06041200,出荷 販売 数量,060290000,トリクロルエチレン (30) (t),0024000707,平成24年7月
X,06041200,出荷 販売 数量,060290000,トリクロルエチレン (30) (t),0024000808,平成24年8月
X,06041200,出荷 販売 数量,060290000,トリクロルエチレン (30) (t),0024000909,平成24年9月
X,06041200,出荷 販売 数量,060290000,トリクロルエチレン (30) (t),0024001010,平成24年10月
X,06041200,出荷 販売 数量,060290000,トリクロルエチレン (30) (t),0024001111,平成24年11月
X,06041200,出荷 販売 数量,060290000,トリクロルエチレン (30) (t),0024001212,平成24年12月
557645,06041200,出荷 販売 数量,060300000,ホルマリン (31) (t),0020000000,平成20年
378734,06041200,出荷 販売 数量,060300000,ホルマリン (31) (t),0021000000,平成21年
498657,06041200,出荷 販売 数量,060300000,ホルマリン (31) (t),0022000000,平成22年
485531,06041200,出荷 販売 数量,060300000,ホルマリン (31) (t),0023000000,平成23年
462293,06041200,出荷 販売 数量,060300000,ホルマリン (31) (t),0024000000,平成24年
507086,06041200,出荷 販売 数量,060300000,ホルマリン (31) (t),0022010000,平成22年度
463010,06041200,出荷 販売 数量,060300000,ホルマリン (31) (t),0023010000,平成23年度
107552,06041200,出荷 販売 数量,060300000,ホルマリン (31) (t),0024000103,平成24年 1 ～ 3 月
127361,06041200,出荷 販売 数量,060300000,ホルマリン (31) (t),0024000406,平成24年 4 ～ 6 月
122652,06041200,出荷 販売 数量,060300000,ホルマリン (31) (t),0024000709,平成24年 7 ～ 9 月
104728,06041200,出荷 販売 数量,060300000,ホルマリン (31) (t),0024001012,平成24年 10 ～ 12 月
34738,06041200,出荷 販売 数量,060300000,ホルマリン (31) (t),0024000101,平成24年1月
34115,06041200,出荷 販売 数量,060300000,ホルマリン (31) (t),0024000202,平成24年2月
38699,06041200,出荷 販売 数量,060300000,ホルマリン (31) (t),0024000303,平成24年3月
39588,06041200,出荷 販売 数量,060300000,ホルマリン (31) (t),0024000404,平成24年4月
43975,06041200,出荷 販売 数量,060300000,ホルマリン (31) (t),0024000505,平成24年5月
43798,06041200,出荷 販売 数量,060300000,ホルマリン (31) (t),0024000606,平成24年6月
45663,06041200,出荷 販売 数量,060300000,ホルマリン (31) (t),0024000707,平成24年7月
37365,06041200,出荷 販売 数量,060300000,ホルマリン (31) (t),0024000808,平成24年8月
39624,06041200,出荷 販売 数量,060300000,ホルマリン (31) (t),0024000909,平成24年9月
22598,06041200,出荷 販売 数量,060300000,ホルマリン (31) (t),0024001010,平成24年10月
40654,06041200,出荷 販売 数量,060300000,ホルマリン (31) (t),0024001111,平成24年11月
41476,06041200,出荷 販売 数量,060300000,ホルマリン (31) (t),0024001212,平成24年12月
24859,06041200,出荷 販売 数量,060310000,塩化メチル (32) (t),0020000000,平成20年
19052,06041200,出荷 販売 数量,060310000,塩化メチル (32) (t),0021000000,平成21年
25347,06041200,出荷 販売 数量,060310000,塩化メチル (32) (t),0022000000,平成22年
22657,06041200,出荷 販売 数量,060310000,塩化メチル (32) (t),0023000000,平成23年
19946,06041200,出荷 販売 数量,060310000,塩化メチル (32) (t),0024000000,平成24年
26296,06041200,出荷 販売 数量,060310000,塩化メチル (32) (t),0022010000,平成22年度
21947,06041200,出荷 販売 数量,060310000,塩化メチル (32) (t),0023010000,平成23年度
6037,06041200,出荷 販売 数量,060310000,塩化メチル (32) (t),0024000103,平成24年 1 ～ 3 月
4996,06041200,出荷 販売 数量,060310000,塩化メチル (32) (t),0024000406,平成24年 4 ～ 6 月
4476,06041200,出荷 販売 数量,060310000,塩化メチル (32) (t),0024000709,平成24年 7 ～ 9 月
4437,06041200,出荷 販売 数量,060310000,塩化メチル (32) (t),0024001012,平成24年 10 ～ 12 月
2034,06041200,出荷 販売 数量,060310000,塩化メチル (32) (t),0024000101,平成24年1月
1959,06041200,出荷 販売 数量,060310000,塩化メチル (32) (t),0024000202,平成24年2月
2044,06041200,出荷 販売 数量,060310000,塩化メチル (32) (t),0024000303,平成24年3月
1564,06041200,出荷 販売 数量,060310000,塩化メチル (32) (t),0024000404,平成24年4月
1712,06041200,出荷 販売 数量,060310000,塩化メチル (32) (t),0024000505,平成24年5月
1720,06041200,出荷 販売 数量,060310000,塩化メチル (32) (t),0024000606,平成24年6月
1536,06041200,出荷 販売 数量,060310000,塩化メチル (32) (t),0024000707,平成24年7月
1590,06041200,出荷 販売 数量,060310000,塩化メチル (32) (t),0024000808,平成24年8月
1350,06041200,出荷 販売 数量,060310000,塩化メチル (32) (t),0024000909,平成24年9月
1482,06041200,出荷 販売 数量,060310000,塩化メチル (32) (t),0024001010,平成24年10月
1509,06041200,出荷 販売 数量,060310000,塩化メチル (32) (t),0024001111,平成24年11月
1446,06041200,出荷 販売 数量,060310000,塩化メチル (32) (t),0024001212,平成24年12月
63298,06041200,出荷 販売 数量,060320000,塩化メチレン (33) (t),0020000000,平成20年
37229,06041200,出荷 販売 数量,060320000,塩化メチレン (33) (t),0021000000,平成21年
38434,06041200,出荷 販売 数量,060320000,塩化メチレン (33) (t),0022000000,平成22年
45019,06041200,出荷 販売 数量,060320000,塩化メチレン (33) (t),0023000000,平成23年
39530,06041200,出荷 販売 数量,060320000,塩化メチレン (33) (t),0024000000,平成24年
41494,06041200,出荷 販売 数量,060320000,塩化メチレン (33) (t),0022010000,平成22年度
44442,06041200,出荷 販売 数量,060320000,塩化メチレン (33) (t),0023010000,平成23年度
11434,06041200,出荷 販売 数量,060320000,塩化メチレン (33) (t),0024000103,平成24年 1 ～ 3 月
10559,06041200,出荷 販売 数量,060320000,塩化メチレン (33) (t),0024000406,平成24年 4 ～ 6 月
9899,06041200,出荷 販売 数量,060320000,塩化メチレン (33) (t),0024000709,平成24年 7 ～ 9 月
7638,06041200,出荷 販売 数量,060320000,塩化メチレン (33) (t),0024001012,平成24年 10 ～ 12 月
3768,06041200,出荷 販売 数量,060320000,塩化メチレン (33) (t),0024000101,平成24年1月
3864,06041200,出荷 販売 数量,060320000,塩化メチレン (33) (t),0024000202,平成24年2月
3802,06041200,出荷 販売 数量,060320000,塩化メチレン (33) (t),0024000303,平成24年3月
3897,06041200,出荷 販売 数量,060320000,塩化メチレン (33) (t),0024000404,平成24年4月
3650,06041200,出荷 販売 数量,060320000,塩化メチレン (33) (t),0024000505,平成24年5月
3012,06041200,出荷 販売 数量,060320000,塩化メチレン (33) (t),0024000606,平成24年6月
3408,06041200,出荷 販売 数量,060320000,塩化メチレン (33) (t),0024000707,平成24年7月
3398,06041200,出荷 販売 数量,060320000,塩化メチレン (33) (t),0024000808,平成24年8月
3093,06041200,出荷 販売 数量,060320000,塩化メチレン (33) (t),0024000909,平成24年9月
2045,06041200,出荷 販売 数量,060320000,塩化メチレン (33) (t),0024001010,平成24年10月
3037,06041200,出荷 販売 数量,060320000,塩化メチレン (33) (t),0024001111,平成24年11月
2556,06041200,出荷 販売 数量,060320000,塩化メチレン (33) (t),0024001212,平成24年12月
58772,06041200,出荷 販売 数量,060330000,無水マレイン酸 (34) (t),0020000000,平成20年
47949,06041200,出荷 販売 数量,060330000,無水マレイン酸 (34) (t),0021000000,平成21年
56965,06041200,出荷 販売 数量,060330000,無水マレイン酸 (34) (t),0022000000,平成22年
53544,06041200,出荷 販売 数量,060330000,無水マレイン酸 (34) (t),0023000000,平成23年
49427,06041200,出荷 販売 数量,060330000,無水マレイン酸 (34) (t),0024000000,平成24年
56032,06041200,出荷 販売 数量,060330000,無水マレイン酸 (34) (t),0022010000,平成22年度
53024,06041200,出荷 販売 数量,060330000,無水マレイン酸 (34) (t),0023010000,平成23年度
14455,06041200,出荷 販売 数量,060330000,無水マレイン酸 (34) (t),0024000103,平成24年 1 ～ 3 月
12166,06041200,出荷 販売 数量,060330000,無水マレイン酸 (34) (t),0024000406,平成24年 4 ～ 6 月
12576,06041200,出荷 販売 数量,060330000,無水マレイン酸 (34) (t),0024000709,平成24年 7 ～ 9 月
10230,06041200,出荷 販売 数量,060330000,無水マレイン酸 (34) (t),0024001012,平成24年 10 ～ 12 月
4617,06041200,出荷 販売 数量,060330000,無水マレイン酸 (34) (t),0024000101,平成24年1月
4768,06041200,出荷 販売 数量,060330000,無水マレイン酸 (34) (t),0024000202,平成24年2月
5070,06041200,出荷 販売 数量,060330000,無水マレイン酸 (34) (t),0024000303,平成24年3月
4497,06041200,出荷 販売 数量,060330000,無水マレイン酸 (34) (t),0024000404,平成24年4月
3952,06041200,出荷 販売 数量,060330000,無水マレイン酸 (34) (t),0024000505,平成24年5月
3717,06041200,出荷 販売 数量,060330000,無水マレイン酸 (34) (t),0024000606,平成24年6月
4188,06041200,出荷 販売 数量,060330000,無水マレイン酸 (34) (t),0024000707,平成24年7月
3663,06041200,出荷 販売 数量,060330000,無水マレイン酸 (34) (t),0024000808,平成24年8月
4725,06041200,出荷 販売 数量,060330000,無水マレイン酸 (34) (t),0024000909,平成24年9月
3643,06041200,出荷 販売 数量,060330000,無水マレイン酸 (34) (t),0024001010,平成24年10月
3623,06041200,出荷 販売 数量,060330000,無水マレイン酸 (34) (t),0024001111,平成24年11月
2964,06041200,出荷 販売 数量,060330000,無水マレイン酸 (34) (t),0024001212,平成24年12月
75478,06041200,出荷 販売 数量,060340000,メラミン (35) (t),0020000000,平成20年
65382,06041200,出荷 販売 数量,060340000,メラミン (35) (t),0021000000,平成21年
70397,06041200,出荷 販売 数量,060340000,メラミン (35) (t),0022000000,平成22年
X,06041200,出荷 販売 数量,060340000,メラミン (35) (t),0023000000,平成23年
X,06041200,出荷 販売 数量,060340000,メラミン (35) (t),0024000000,平成24年
X,06041200,出荷 販売 数量,060340000,メラミン (35) (t),0022010000,平成22年度
X,06041200,出荷 販売 数量,060340000,メラミン (35) (t),0023010000,平成23年度
X,06041200,出荷 販売 数量,060340000,メラミン (35) (t),0024000103,平成24年 1 ～ 3 月
X,06041200,出荷 販売 数量,060340000,メラミン (35) (t),0024000406,平成24年 4 ～ 6 月
X,06041200,出荷 販売 数量,060340000,メラミン (35) (t),0024000709,平成24年 7 ～ 9 月
X,06041200,出荷 販売 数量,060340000,メラミン (35) (t),0024001012,平成24年 10 ～ 12 月
X,06041200,出荷 販売 数量,060340000,メラミン (35) (t),0024000101,平成24年1月
X,06041200,出荷 販売 数量,060340000,メラミン (35) (t),0024000202,平成24年2月
X,06041200,出荷 販売 数量,060340000,メラミン (35) (t),0024000303,平成24年3月
X,06041200,出荷 販売 数量,060340000,メラミン (35) (t),0024000404,平成24年4月
X,06041200,出荷 販売 数量,060340000,メラミン (35) (t),0024000505,平成24年5月
X,06041200,出荷 販売 数量,060340000,メラミン (35) (t),0024000606,平成24年6月
X,06041200,出荷 販売 数量,060340000,メラミン (35) (t),0024000707,平成24年7月
X,06041200,出荷 販売 数量,060340000,メラミン (35) (t),0024000808,平成24年8月
X,06041200,出荷 販売 数量,060340000,メラミン (35) (t),0024000909,平成24年9月
X,06041200,出荷 販売 数量,060340000,メラミン (35) (t),0024001010,平成24年10月
X,06041200,出荷 販売 数量,060340000,メラミン (35) (t),0024001111,平成24年11月
X,06041200,出荷 販売 数量,060340000,メラミン (35) (t),0024001212,平成24年12月
247111,06041200,出荷 販売 数量,060351000,可塑剤 フタル酸系可塑剤 (36) (t),0020000000,平成20年
181988,06041200,出荷 販売 数量,060351000,可塑剤 フタル酸系可塑剤 (36) (t),0021000000,平成21年
219606,06041200,出荷 販売 数量,060351000,可塑剤 フタル酸系可塑剤 (36) (t),0022000000,平成22年
197754,06041200,出荷 販売 数量,060351000,可塑剤 フタル酸系可塑剤 (36) (t),0023000000,平成23年
190897,06041200,出荷 販売 数量,060351000,可塑剤 フタル酸系可塑剤 (36) (t),0024000000,平成24年
221478,06041200,出荷 販売 数量,060351000,可塑剤 フタル酸系可塑剤 (36) (t),0022010000,平成22年度
192293,06041200,出荷 販売 数量,060351000,可塑剤 フタル酸系可塑剤 (36) (t),0023010000,平成23年度
48707,06041200,出荷 販売 数量,060351000,可塑剤 フタル酸系可塑剤 (36) (t),0024000103,平成24年 1 ～ 3 月
48447,06041200,出荷 販売 数量,060351000,可塑剤 フタル酸系可塑剤 (36) (t),0024000406,平成24年 4 ～ 6 月
47854,06041200,出荷 販売 数量,060351000,可塑剤 フタル酸系可塑剤 (36) (t),0024000709,平成24年 7 ～ 9 月
45889,06041200,出荷 販売 数量,060351000,可塑剤 フタル酸系可塑剤 (36) (t),0024001012,平成24年 10 ～ 12 月
14817,06041200,出荷 販売 数量,060351000,可塑剤 フタル酸系可塑剤 (36) (t),0024000101,平成24年1月
15954,06041200,出荷 販売 数量,060351000,可塑剤 フタル酸系可塑剤 (36) (t),0024000202,平成24年2月
17936,06041200,出荷 販売 数量,060351000,可塑剤 フタル酸系可塑剤 (36) (t),0024000303,平成24年3月
18250,06041200,出荷 販売 数量,060351000,可塑剤 フタル酸系可塑剤 (36) (t),0024000404,平成24年4月
15157,06041200,出荷 販売 数量,060351000,可塑剤 フタル酸系可塑剤 (36) (t),0024000505,平成24年5月
15040,06041200,出荷 販売 数量,060351000,可塑剤 フタル酸系可塑剤 (36) (t),0024000606,平成24年6月
18053,06041200,出荷 販売 数量,060351000,可塑剤 フタル酸系可塑剤 (36) (t),0024000707,平成24年7月
12628,06041200,出荷 販売 数量,060351000,可塑剤 フタル酸系可塑剤 (36) (t),0024000808,平成24年8月
17173,06041200,出荷 販売 数量,060351000,可塑剤 フタル酸系可塑剤 (36) (t),0024000909,平成24年9月
17632,06041200,出荷 販売 数量,060351000,可塑剤 フタル酸系可塑剤 (36) (t),0024001010,平成24年10月
16559,06041200,出荷 販売 数量,060351000,可塑剤 フタル酸系可塑剤 (36) (t),0024001111,平成24年11月
11698,06041200,出荷 販売 数量,060351000,可塑剤 フタル酸系可塑剤 (36) (t),0024001212,平成24年12月
23199,06041200,出荷 販売 数量,060352000,可塑剤 りん酸系可塑剤 (37) (t),0020000000,平成20年
35734,06041200,出荷 販売 数量,060352000,可塑剤 りん酸系可塑剤 (37) (t),0021000000,平成21年
42737,06041200,出荷 販売 数量,060352000,可塑剤 りん酸系可塑剤 (37) (t),0022000000,平成22年
37378,06041200,出荷 販売 数量,060352000,可塑剤 りん酸系可塑剤 (37) (t),0023000000,平成23年
32609,06041200,出荷 販売 数量,060352000,可塑剤 りん酸系可塑剤 (37) (t),0024000000,平成24年
41582,06041200,出荷 販売 数量,060352000,可塑剤 りん酸系可塑剤 (37) (t),0022010000,平成22年度
36164,06041200,出荷 販売 数量,060352000,可塑剤 りん酸系可塑剤 (37) (t),0023010000,平成23年度
9103,06041200,出荷 販売 数量,060352000,可塑剤 りん酸系可塑剤 (37) (t),0024000103,平成24年 1 ～ 3 月
10382,06041200,出荷 販売 数量,060352000,可塑剤 りん酸系可塑剤 (37) (t),0024000406,平成24年 4 ～ 6 月
6851,06041200,出荷 販売 数量,060352000,可塑剤 りん酸系可塑剤 (37) (t),0024000709,平成24年 7 ～ 9 月
6273,06041200,出荷 販売 数量,060352000,可塑剤 りん酸系可塑剤 (37) (t),0024001012,平成24年 10 ～ 12 月
2293,06041200,出荷 販売 数量,060352000,可塑剤 りん酸系可塑剤 (37) (t),0024000101,平成24年1月
3203,06041200,出荷 販売 数量,060352000,可塑剤 りん酸系可塑剤 (37) (t),0024000202,平成24年2月
3607,06041200,出荷 販売 数量,060352000,可塑剤 りん酸系可塑剤 (37) (t),0024000303,平成24年3月
3637,06041200,出荷 販売 数量,060352000,可塑剤 りん酸系可塑剤 (37) (t),0024000404,平成24年4月
3655,06041200,出荷 販売 数量,060352000,可塑剤 りん酸系可塑剤 (37) (t),0024000505,平成24年5月
3090,06041200,出荷 販売 数量,060352000,可塑剤 りん酸系可塑剤 (37) (t),0024000606,平成24年6月
2411,06041200,出荷 販売 数量,060352000,可塑剤 りん酸系可塑剤 (37) (t),0024000707,平成24年7月
2324,06041200,出荷 販売 数量,060352000,可塑剤 りん酸系可塑剤 (37) (t),0024000808,平成24年8月
2116,06041200,出荷 販売 数量,060352000,可塑剤 りん酸系可塑剤 (37) (t),0024000909,平成24年9月
2425,06041200,出荷 販売 数量,060352000,可塑剤 りん酸系可塑剤 (37) (t),0024001010,平成24年10月
1904,06041200,出荷 販売 数量,060352000,可塑剤 りん酸系可塑剤 (37) (t),0024001111,平成24年11月
1944,06041200,出荷 販売 数量,060352000,可塑剤 りん酸系可塑剤 (37) (t),0024001212,平成24年12月
10017,06041200,出荷 販売 数量,060353000,可塑剤 エポキシ系可塑剤 (38) (t),0020000000,平成20年
9243,06041200,出荷 販売 数量,060353000,可塑剤 エポキシ系可塑剤 (38) (t),0021000000,平成21年
11023,06041200,出荷 販売 数量,060353000,可塑剤 エポキシ系可塑剤 (38) (t),0022000000,平成22年
10669,06041200,出荷 販売 数量,060353000,可塑剤 エポキシ系可塑剤 (38) (t),0023000000,平成23年
10848,06041200,出荷 販売 数量,060353000,可塑剤 エポキシ系可塑剤 (38) (t),0024000000,平成24年
11014,06041200,出荷 販売 数量,060353000,可塑剤 エポキシ系可塑剤 (38) (t),0022010000,平成22年度
10839,06041200,出荷 販売 数量,060353000,可塑剤 エポキシ系可塑剤 (38) (t),0023010000,平成23年度
2802,06041200,出荷 販売 数量,060353000,可塑剤 エポキシ系可塑剤 (38) (t),0024000103,平成24年 1 ～ 3 月
2691,06041200,出荷 販売 数量,060353000,可塑剤 エポキシ系可塑剤 (38) (t),0024000406,平成24年 4 ～ 6 月
2509,06041200,出荷 販売 数量,060353000,可塑剤 エポキシ系可塑剤 (38) (t),0024000709,平成24年 7 ～ 9 月
2846,06041200,出荷 販売 数量,060353000,可塑剤 エポキシ系可塑剤 (38) (t),0024001012,平成24年 10 ～ 12 月
915,06041200,出荷 販売 数量,060353000,可塑剤 エポキシ系可塑剤 (38) (t),0024000101,平成24年1月
947,06041200,出荷 販売 数量,060353000,可塑剤 エポキシ系可塑剤 (38) (t),0024000202,平成24年2月
940,06041200,出荷 販売 数量,060353000,可塑剤 エポキシ系可塑剤 (38) (t),0024000303,平成24年3月
981,06041200,出荷 販売 数量,060353000,可塑剤 エポキシ系可塑剤 (38) (t),0024000404,平成24年4月
821,06041200,出荷 販売 数量,060353000,可塑剤 エポキシ系可塑剤 (38) (t),0024000505,平成24年5月
889,06041200,出荷 販売 数量,060353000,可塑剤 エポキシ系可塑剤 (38) (t),0024000606,平成24年6月
945,06041200,出荷 販売 数量,060353000,可塑剤 エポキシ系可塑剤 (38) (t),0024000707,平成24年7月
714,06041200,出荷 販売 数量,060353000,可塑剤 エポキシ系可塑剤 (38) (t),0024000808,平成24年8月
850,06041200,出荷 販売 数量,060353000,可塑剤 エポキシ系可塑剤 (38) (t),0024000909,平成24年9月
1056,06041200,出荷 販売 数量,060353000,可塑剤 エポキシ系可塑剤 (38) (t),0024001010,平成24年10月
955,06041200,出荷 販売 数量,060353000,可塑剤 エポキシ系可塑剤 (38) (t),0024001111,平成24年11月
835,06041200,出荷 販売 数量,060353000,可塑剤 エポキシ系可塑剤 (38) (t),0024001212,平成24年12月
…,06041300,出荷 販売 金額（百万円）,060010000,エチレン (1) (t),0020000000,平成20年
…,06041300,出荷 販売 金額（百万円）,060010000,エチレン (1) (t),0021000000,平成21年
…,06041300,出荷 販売 金額（百万円）,060010000,エチレン (1) (t),0022000000,平成22年
…,06041300,出荷 販売 金額（百万円）,060010000,エチレン (1) (t),0023000000,平成23年
…,06041300,出荷 販売 金額（百万円）,060010000,エチレン (1) (t),0024000000,平成24年
…,06041300,出荷 販売 金額（百万円）,060010000,エチレン (1) (t),0022010000,平成22年度
…,06041300,出荷 販売 金額（百万円）,060010000,エチレン (1) (t),0023010000,平成23年度
…,06041300,出荷 販売 金額（百万円）,060010000,エチレン (1) (t),0024000103,平成24年 1 ～ 3 月
…,06041300,出荷 販売 金額（百万円）,060010000,エチレン (1) (t),0024000406,平成24年 4 ～ 6 月
…,06041300,出荷 販売 金額（百万円）,060010000,エチレン (1) (t),0024000709,平成24年 7 ～ 9 月
…,06041300,出荷 販売 金額（百万円）,060010000,エチレン (1) (t),0024001012,平成24年 10 ～ 12 月
…,06041300,出荷 販売 金額（百万円）,060010000,エチレン (1) (t),0024000101,平成24年1月
…,06041300,出荷 販売 金額（百万円）,060010000,エチレン (1) (t),0024000202,平成24年2月
…,06041300,出荷 販売 金額（百万円）,060010000,エチレン (1) (t),0024000303,平成24年3月
…,06041300,出荷 販売 金額（百万円）,060010000,エチレン (1) (t),0024000404,平成24年4月
…,06041300,出荷 販売 金額（百万円）,060010000,エチレン (1) (t),0024000505,平成24年5月
…,06041300,出荷 販売 金額（百万円）,060010000,エチレン (1) (t),0024000606,平成24年6月
…,06041300,出荷 販売 金額（百万円）,060010000,エチレン (1) (t),0024000707,平成24年7月
…,06041300,出荷 販売 金額（百万円）,060010000,エチレン (1) (t),0024000808,平成24年8月
…,06041300,出荷 販売 金額（百万円）,060010000,エチレン (1) (t),0024000909,平成24年9月
…,06041300,出荷 販売 金額（百万円）,060010000,エチレン (1) (t),0024001010,平成24年10月
…,06041300,出荷 販売 金額（百万円）,060010000,エチレン (1) (t),0024001111,平成24年11月
…,06041300,出荷 販売 金額（百万円）,060010000,エチレン (1) (t),0024001212,平成24年12月
74652,06041300,出荷 販売 金額（百万円）,060020000,酸化エチレン (2) (t),0020000000,平成20年
50356,06041300,出荷 販売 金額（百万円）,060020000,酸化エチレン (2) (t),0021000000,平成21年
65398,06041300,出荷 販売 金額（百万円）,060020000,酸化エチレン (2) (t),0022000000,平成22年
66226,06041300,出荷 販売 金額（百万円）,060020000,酸化エチレン (2) (t),0023000000,平成23年
65559,06041300,出荷 販売 金額（百万円）,060020000,酸化エチレン (2) (t),0024000000,平成24年
65779,06041300,出荷 販売 金額（百万円）,060020000,酸化エチレン (2) (t),0022010000,平成22年度
65660,06041300,出荷 販売 金額（百万円）,060020000,酸化エチレン (2) (t),0023010000,平成23年度
15431,06041300,出荷 販売 金額（百万円）,060020000,酸化エチレン (2) (t),0024000103,平成24年 1 ～ 3 月
17037,06041300,出荷 販売 金額（百万円）,060020000,酸化エチレン (2) (t),0024000406,平成24年 4 ～ 6 月
16453,06041300,出荷 販売 金額（百万円）,060020000,酸化エチレン (2) (t),0024000709,平成24年 7 ～ 9 月
16639,06041300,出荷 販売 金額（百万円）,060020000,酸化エチレン (2) (t),0024001012,平成24年 10 ～ 12 月
4585,06041300,出荷 販売 金額（百万円）,060020000,酸化エチレン (2) (t),0024000101,平成24年1月
5330,06041300,出荷 販売 金額（百万円）,060020000,酸化エチレン (2) (t),0024000202,平成24年2月
5516,06041300,出荷 販売 金額（百万円）,060020000,酸化エチレン (2) (t),0024000303,平成24年3月
5713,06041300,出荷 販売 金額（百万円）,060020000,酸化エチレン (2) (t),0024000404,平成24年4月
5331,06041300,出荷 販売 金額（百万円）,060020000,酸化エチレン (2) (t),0024000505,平成24年5月
5992,06041300,出荷 販売 金額（百万円）,060020000,酸化エチレン (2) (t),0024000606,平成24年6月
6048,06041300,出荷 販売 金額（百万円）,060020000,酸化エチレン (2) (t),0024000707,平成24年7月
4774,06041300,出荷 販売 金額（百万円）,060020000,酸化エチレン (2) (t),0024000808,平成24年8月
5631,06041300,出荷 販売 金額（百万円）,060020000,酸化エチレン (2) (t),0024000909,平成24年9月
5473,06041300,出荷 販売 金額（百万円）,060020000,酸化エチレン (2) (t),0024001010,平成24年10月
5962,06041300,出荷 販売 金額（百万円）,060020000,酸化エチレン (2) (t),0024001111,平成24年11月
5204,06041300,出荷 販売 金額（百万円）,060020000,酸化エチレン (2) (t),0024001212,平成24年12月
82738,06041300,出荷 販売 金額（百万円）,060030000,エチレングリコール (3) (t),0020000000,平成20年
64266,06041300,出荷 販売 金額（百万円）,060030000,エチレングリコール (3) (t),0021000000,平成21年
57895,06041300,出荷 販売 金額（百万円）,060030000,エチレングリコール (3) (t),0022000000,平成22年
59540,06041300,出荷 販売 金額（百万円）,060030000,エチレングリコール (3) (t),0023000000,平成23年
67396,06041300,出荷 販売 金額（百万円）,060030000,エチレングリコール (3) (t),0024000000,平成24年
58905,06041300,出荷 販売 金額（百万円）,060030000,エチレングリコール (3) (t),0022010000,平成22年度
61840,06041300,出荷 販売 金額（百万円）,060030000,エチレングリコール (3) (t),0023010000,平成23年度
18671,06041300,出荷 販売 金額（百万円）,060030000,エチレングリコール (3) (t),0024000103,平成24年 1 ～ 3 月
9406,06041300,出荷 販売 金額（百万円）,060030000,エチレングリコール (3) (t),0024000406,平成24年 4 ～ 6 月
18245,06041300,出荷 販売 金額（百万円）,060030000,エチレングリコール (3) (t),0024000709,平成24年 7 ～ 9 月
21074,06041300,出荷 販売 金額（百万円）,060030000,エチレングリコール (3) (t),0024001012,平成24年 10 ～ 12 月
5918,06041300,出荷 販売 金額（百万円）,060030000,エチレングリコール (3) (t),0024000101,平成24年1月
6237,06041300,出荷 販売 金額（百万円）,060030000,エチレングリコール (3) (t),0024000202,平成24年2月
6516,06041300,出荷 販売 金額（百万円）,060030000,エチレングリコール (3) (t),0024000303,平成24年3月
3833,06041300,出荷 販売 金額（百万円）,060030000,エチレングリコール (3) (t),0024000404,平成24年4月
2830,06041300,出荷 販売 金額（百万円）,060030000,エチレングリコール (3) (t),0024000505,平成24年5月
2742,06041300,出荷 販売 金額（百万円）,060030000,エチレングリコール (3) (t),0024000606,平成24年6月
5708,06041300,出荷 販売 金額（百万円）,060030000,エチレングリコール (3) (t),0024000707,平成24年7月
6408,06041300,出荷 販売 金額（百万円）,060030000,エチレングリコール (3) (t),0024000808,平成24年8月
6128,06041300,出荷 販売 金額（百万円）,060030000,エチレングリコール (3) (t),0024000909,平成24年9月
7064,06041300,出荷 販売 金額（百万円）,060030000,エチレングリコール (3) (t),0024001010,平成24年10月
6556,06041300,出荷 販売 金額（百万円）,060030000,エチレングリコール (3) (t),0024001111,平成24年11月
7454,06041300,出荷 販売 金額（百万円）,060030000,エチレングリコール (3) (t),0024001212,平成24年12月
17742,06041300,出荷 販売 金額（百万円）,060040000,エチレングリコールエーテル (4) (t),0020000000,平成20年
14872,06041300,出荷 販売 金額（百万円）,060040000,エチレングリコールエーテル (4) (t),0021000000,平成21年
17817,06041300,出荷 販売 金額（百万円）,060040000,エチレングリコールエーテル (4) (t),0022000000,平成22年
14480,06041300,出荷 販売 金額（百万円）,060040000,エチレングリコールエーテル (4) (t),0023000000,平成23年
12808,06041300,出荷 販売 金額（百万円）,060040000,エチレングリコールエーテル (4) (t),0024000000,平成24年
17542,06041300,出荷 販売 金額（百万円）,060040000,エチレングリコールエーテル (4) (t),0022010000,平成22年度
13799,06041300,出荷 販売 金額（百万円）,060040000,エチレングリコールエーテル (4) (t),0023010000,平成23年度
3172,06041300,出荷 販売 金額（百万円）,060040000,エチレングリコールエーテル (4) (t),0024000103,平成24年 1 ～ 3 月
3335,06041300,出荷 販売 金額（百万円）,060040000,エチレングリコールエーテル (4) (t),0024000406,平成24年 4 ～ 6 月
3047,06041300,出荷 販売 金額（百万円）,060040000,エチレングリコールエーテル (4) (t),0024000709,平成24年 7 ～ 9 月
3255,06041300,出荷 販売 金額（百万円）,060040000,エチレングリコールエーテル (4) (t),0024001012,平成24年 10 ～ 12 月
1104,06041300,出荷 販売 金額（百万円）,060040000,エチレングリコールエーテル (4) (t),0024000101,平成24年1月
1106,06041300,出荷 販売 金額（百万円）,060040000,エチレングリコールエーテル (4) (t),0024000202,平成24年2月
962,06041300,出荷 販売 金額（百万円）,060040000,エチレングリコールエーテル (4) (t),0024000303,平成24年3月
1084,06041300,出荷 販売 金額（百万円）,060040000,エチレングリコールエーテル (4) (t),0024000404,平成24年4月
1059,06041300,出荷 販売 金額（百万円）,060040000,エチレングリコールエーテル (4) (t),0024000505,平成24年5月
1191,06041300,出荷 販売 金額（百万円）,060040000,エチレングリコールエーテル (4) (t),0024000606,平成24年6月
1005,06041300,出荷 販売 金額（百万円）,060040000,エチレングリコールエーテル (4) (t),0024000707,平成24年7月
1090,06041300,出荷 販売 金額（百万円）,060040000,エチレングリコールエーテル (4) (t),0024000808,平成24年8月
951,06041300,出荷 販売 金額（百万円）,060040000,エチレングリコールエーテル (4) (t),0024000909,平成24年9月
1085,06041300,出荷 販売 金額（百万円）,060040000,エチレングリコールエーテル (4) (t),0024001010,平成24年10月
1252,06041300,出荷 販売 金額（百万円）,060040000,エチレングリコールエーテル (4) (t),0024001111,平成24年11月
918,06041300,出荷 販売 金額（百万円）,060040000,エチレングリコールエーテル (4) (t),0024001212,平成24年12月
24745,06041300,出荷 販売 金額（百万円）,060050000,アセトアルデヒド (5) (t),0020000000,平成20年
14318,06041300,出荷 販売 金額（百万円）,060050000,アセトアルデヒド (5) (t),0021000000,平成21年
13739,06041300,出荷 販売 金額（百万円）,060050000,アセトアルデヒド (5) (t),0022000000,平成22年
16739,06041300,出荷 販売 金額（百万円）,060050000,アセトアルデヒド (5) (t),0023000000,平成23年
12150,06041300,出荷 販売 金額（百万円）,060050000,アセトアルデヒド (5) (t),0024000000,平成24年
14132,06041300,出荷 販売 金額（百万円）,060050000,アセトアルデヒド (5) (t),0022010000,平成22年度
16305,06041300,出荷 販売 金額（百万円）,060050000,アセトアルデヒド (5) (t),0023010000,平成23年度
2890,06041300,出荷 販売 金額（百万円）,060050000,アセトアルデヒド (5) (t),0024000103,平成24年 1 ～ 3 月
2732,06041300,出荷 販売 金額（百万円）,060050000,アセトアルデヒド (5) (t),0024000406,平成24年 4 ～ 6 月
3306,06041300,出荷 販売 金額（百万円）,060050000,アセトアルデヒド (5) (t),0024000709,平成24年 7 ～ 9 月
3221,06041300,出荷 販売 金額（百万円）,060050000,アセトアルデヒド (5) (t),0024001012,平成24年 10 ～ 12 月
1335,06041300,出荷 販売 金額（百万円）,060050000,アセトアルデヒド (5) (t),0024000101,平成24年1月
310,06041300,出荷 販売 金額（百万円）,060050000,アセトアルデヒド (5) (t),0024000202,平成24年2月
1246,06041300,出荷 販売 金額（百万円）,060050000,アセトアルデヒド (5) (t),0024000303,平成24年3月
1211,06041300,出荷 販売 金額（百万円）,060050000,アセトアルデヒド (5) (t),0024000404,平成24年4月
772,06041300,出荷 販売 金額（百万円）,060050000,アセトアルデヒド (5) (t),0024000505,平成24年5月
749,06041300,出荷 販売 金額（百万円）,060050000,アセトアルデヒド (5) (t),0024000606,平成24年6月
1340,06041300,出荷 販売 金額（百万円）,060050000,アセトアルデヒド (5) (t),0024000707,平成24年7月
926,06041300,出荷 販売 金額（百万円）,060050000,アセトアルデヒド (5) (t),0024000808,平成24年8月
1040,06041300,出荷 販売 金額（百万円）,060050000,アセトアルデヒド (5) (t),0024000909,平成24年9月
907,06041300,出荷 販売 金額（百万円）,060050000,アセトアルデヒド (5) (t),0024001010,平成24年10月
999,06041300,出荷 販売 金額（百万円）,060050000,アセトアルデヒド (5) (t),0024001111,平成24年11月
1315,06041300,出荷 販売 金額（百万円）,060050000,アセトアルデヒド (5) (t),0024001212,平成24年12月
31754,06041300,出荷 販売 金額（百万円）,060060000,酢酸（99%換算） (6) (t),0020000000,平成20年
17265,06041300,出荷 販売 金額（百万円）,060060000,酢酸（99%換算） (6) (t),0021000000,平成21年
21377,06041300,出荷 販売 金額（百万円）,060060000,酢酸（99%換算） (6) (t),0022000000,平成22年
22011,06041300,出荷 販売 金額（百万円）,060060000,酢酸（99%換算） (6) (t),0023000000,平成23年
21761,06041300,出荷 販売 金額（百万円）,060060000,酢酸（99%換算） (6) (t),0024000000,平成24年
21912,06041300,出荷 販売 金額（百万円）,060060000,酢酸（99%換算） (6) (t),0022010000,平成22年度
21335,06041300,出荷 販売 金額（百万円）,060060000,酢酸（99%換算） (6) (t),0023010000,平成23年度
5290,06041300,出荷 販売 金額（百万円）,060060000,酢酸（99%換算） (6) (t),0024000103,平成24年 1 ～ 3 月
5401,06041300,出荷 販売 金額（百万円）,060060000,酢酸（99%換算） (6) (t),0024000406,平成24年 4 ～ 6 月
5673,06041300,出荷 販売 金額（百万円）,060060000,酢酸（99%換算） (6) (t),0024000709,平成24年 7 ～ 9 月
5396,06041300,出荷 販売 金額（百万円）,060060000,酢酸（99%換算） (6) (t),0024001012,平成24年 10 ～ 12 月
1385,06041300,出荷 販売 金額（百万円）,060060000,酢酸（99%換算） (6) (t),0024000101,平成24年1月
2219,06041300,出荷 販売 金額（百万円）,060060000,酢酸（99%換算） (6) (t),0024000202,平成24年2月
1686,06041300,出荷 販売 金額（百万円）,060060000,酢酸（99%換算） (6) (t),0024000303,平成24年3月
1940,06041300,出荷 販売 金額（百万円）,060060000,酢酸（99%換算） (6) (t),0024000404,平成24年4月
1325,06041300,出荷 販売 金額（百万円）,060060000,酢酸（99%換算） (6) (t),0024000505,平成24年5月
2137,06041300,出荷 販売 金額（百万円）,060060000,酢酸（99%換算） (6) (t),0024000606,平成24年6月
1996,06041300,出荷 販売 金額（百万円）,060060000,酢酸（99%換算） (6) (t),0024000707,平成24年7月
2007,06041300,出荷 販売 金額（百万円）,060060000,酢酸（99%換算） (6) (t),0024000808,平成24年8月
1670,06041300,出荷 販売 金額（百万円）,060060000,酢酸（99%換算） (6) (t),0024000909,平成24年9月
1155,06041300,出荷 販売 金額（百万円）,060060000,酢酸（99%換算） (6) (t),0024001010,平成24年10月
2074,06041300,出荷 販売 金額（百万円）,060060000,酢酸（99%換算） (6) (t),0024001111,平成24年11月
2167,06041300,出荷 販売 金額（百万円）,060060000,酢酸（99%換算） (6) (t),0024001212,平成24年12月
26451,06041300,出荷 販売 金額（百万円）,060070000,酢酸エチル (7) (t),0020000000,平成20年
14944,06041300,出荷 販売 金額（百万円）,060070000,酢酸エチル (7) (t),0021000000,平成21年
12577,06041300,出荷 販売 金額（百万円）,060070000,酢酸エチル (7) (t),0022000000,平成22年
X,06041300,出荷 販売 金額（百万円）,060070000,酢酸エチル (7) (t),0023000000,平成23年
X,06041300,出荷 販売 金額（百万円）,060070000,酢酸エチル (7) (t),0024000000,平成24年
X,06041300,出荷 販売 金額（百万円）,060070000,酢酸エチル (7) (t),0022010000,平成22年度
X,06041300,出荷 販売 金額（百万円）,060070000,酢酸エチル (7) (t),0023010000,平成23年度
X,06041300,出荷 販売 金額（百万円）,060070000,酢酸エチル (7) (t),0024000103,平成24年 1 ～ 3 月
X,06041300,出荷 販売 金額（百万円）,060070000,酢酸エチル (7) (t),0024000406,平成24年 4 ～ 6 月
X,06041300,出荷 販売 金額（百万円）,060070000,酢酸エチル (7) (t),0024000709,平成24年 7 ～ 9 月
X,06041300,出荷 販売 金額（百万円）,060070000,酢酸エチル (7) (t),0024001012,平成24年 10 ～ 12 月
X,06041300,出荷 販売 金額（百万円）,060070000,酢酸エチル (7) (t),0024000101,平成24年1月
X,06041300,出荷 販売 金額（百万円）,060070000,酢酸エチル (7) (t),0024000202,平成24年2月
X,06041300,出荷 販売 金額（百万円）,060070000,酢酸エチル (7) (t),0024000303,平成24年3月
X,06041300,出荷 販売 金額（百万円）,060070000,酢酸エチル (7) (t),0024000404,平成24年4月
X,06041300,出荷 販売 金額（百万円）,060070000,酢酸エチル (7) (t),0024000505,平成24年5月
X,06041300,出荷 販売 金額（百万円）,060070000,酢酸エチル (7) (t),0024000606,平成24年6月
X,06041300,出荷 販売 金額（百万円）,060070000,酢酸エチル (7) (t),0024000707,平成24年7月
X,06041300,出荷 販売 金額（百万円）,060070000,酢酸エチル (7) (t),0024000808,平成24年8月
X,06041300,出荷 販売 金額（百万円）,060070000,酢酸エチル (7) (t),0024000909,平成24年9月
X,06041300,出荷 販売 金額（百万円）,060070000,酢酸エチル (7) (t),0024001010,平成24年10月
X,06041300,出荷 販売 金額（百万円）,060070000,酢酸エチル (7) (t),0024001111,平成24年11月
X,06041300,出荷 販売 金額（百万円）,060070000,酢酸エチル (7) (t),0024001212,平成24年12月
11442,06041300,出荷 販売 金額（百万円）,060080000,合成高級アルコール（C9以上のもの） (8) (t),0020000000,平成20年
9306,06041300,出荷 販売 金額（百万円）,060080000,合成高級アルコール（C9以上のもの） (8) (t),0021000000,平成21年
10742,06041300,出荷 販売 金額（百万円）,060080000,合成高級アルコール（C9以上のもの） (8) (t),0022000000,平成22年
X,06041300,出荷 販売 金額（百万円）,060080000,合成高級アルコール（C9以上のもの） (8) (t),0023000000,平成23年
X,06041300,出荷 販売 金額（百万円）,060080000,合成高級アルコール（C9以上のもの） (8) (t),0024000000,平成24年
X,06041300,出荷 販売 金額（百万円）,060080000,合成高級アルコール（C9以上のもの） (8) (t),0022010000,平成22年度
X,06041300,出荷 販売 金額（百万円）,060080000,合成高級アルコール（C9以上のもの） (8) (t),0023010000,平成23年度
X,06041300,出荷 販売 金額（百万円）,060080000,合成高級アルコール（C9以上のもの） (8) (t),0024000103,平成24年 1 ～ 3 月
X,06041300,出荷 販売 金額（百万円）,060080000,合成高級アルコール（C9以上のもの） (8) (t),0024000406,平成24年 4 ～ 6 月
X,06041300,出荷 販売 金額（百万円）,060080000,合成高級アルコール（C9以上のもの） (8) (t),0024000709,平成24年 7 ～ 9 月
X,06041300,出荷 販売 金額（百万円）,060080000,合成高級アルコール（C9以上のもの） (8) (t),0024001012,平成24年 10 ～ 12 月
X,06041300,出荷 販売 金額（百万円）,060080000,合成高級アルコール（C9以上のもの） (8) (t),0024000101,平成24年1月
X,06041300,出荷 販売 金額（百万円）,060080000,合成高級アルコール（C9以上のもの） (8) (t),0024000202,平成24年2月
X,06041300,出荷 販売 金額（百万円）,060080000,合成高級アルコール（C9以上のもの） (8) (t),0024000303,平成24年3月
X,06041300,出荷 販売 金額（百万円）,060080000,合成高級アルコール（C9以上のもの） (8) (t),0024000404,平成24年4月
X,06041300,出荷 販売 金額（百万円）,060080000,合成高級アルコール（C9以上のもの） (8) (t),0024000505,平成24年5月
X,06041300,出荷 販売 金額（百万円）,060080000,合成高級アルコール（C9以上のもの） (8) (t),0024000606,平成24年6月
X,06041300,出荷 販売 金額（百万円）,060080000,合成高級アルコール（C9以上のもの） (8) (t),0024000707,平成24年7月
X,06041300,出荷 販売 金額（百万円）,060080000,合成高級アルコール（C9以上のもの） (8) (t),0024000808,平成24年8月
X,06041300,出荷 販売 金額（百万円）,060080000,合成高級アルコール（C9以上のもの） (8) (t),0024000909,平成24年9月
X,06041300,出荷 販売 金額（百万円）,060080000,合成高級アルコール（C9以上のもの） (8) (t),0024001010,平成24年10月
X,06041300,出荷 販売 金額（百万円）,060080000,合成高級アルコール（C9以上のもの） (8) (t),0024001111,平成24年11月
X,06041300,出荷 販売 金額（百万円）,060080000,合成高級アルコール（C9以上のもの） (8) (t),0024001212,平成24年12月
13534,06041300,出荷 販売 金額（百万円）,060090000,二塩化エチレン (9) (t),0020000000,平成20年
11429,06041300,出荷 販売 金額（百万円）,060090000,二塩化エチレン (9) (t),0021000000,平成21年
9630,06041300,出荷 販売 金額（百万円）,060090000,二塩化エチレン (9) (t),0022000000,平成22年
14970,06041300,出荷 販売 金額（百万円）,060090000,二塩化エチレン (9) (t),0023000000,平成23年
29414,06041300,出荷 販売 金額（百万円）,060090000,二塩化エチレン (9) (t),0024000000,平成24年
9021,06041300,出荷 販売 金額（百万円）,060090000,二塩化エチレン (9) (t),0022010000,平成22年度
21530,06041300,出荷 販売 金額（百万円）,060090000,二塩化エチレン (9) (t),0023010000,平成23年度
7940,06041300,出荷 販売 金額（百万円）,060090000,二塩化エチレン (9) (t),0024000103,平成24年 1 ～ 3 月
7854,06041300,出荷 販売 金額（百万円）,060090000,二塩化エチレン (9) (t),0024000406,平成24年 4 ～ 6 月
7932,06041300,出荷 販売 金額（百万円）,060090000,二塩化エチレン (9) (t),0024000709,平成24年 7 ～ 9 月
5687,06041300,出荷 販売 金額（百万円）,060090000,二塩化エチレン (9) (t),0024001012,平成24年 10 ～ 12 月
1001,06041300,出荷 販売 金額（百万円）,060090000,二塩化エチレン (9) (t),0024000101,平成24年1月
2784,06041300,出荷 販売 金額（百万円）,060090000,二塩化エチレン (9) (t),0024000202,平成24年2月
4155,06041300,出荷 販売 金額（百万円）,060090000,二塩化エチレン (9) (t),0024000303,平成24年3月
2959,06041300,出荷 販売 金額（百万円）,060090000,二塩化エチレン (9) (t),0024000404,平成24年4月
2129,06041300,出荷 販売 金額（百万円）,060090000,二塩化エチレン (9) (t),0024000505,平成24年5月
2767,06041300,出荷 販売 金額（百万円）,060090000,二塩化エチレン (9) (t),0024000606,平成24年6月
2956,06041300,出荷 販売 金額（百万円）,060090000,二塩化エチレン (9) (t),0024000707,平成24年7月
1842,06041300,出荷 販売 金額（百万円）,060090000,二塩化エチレン (9) (t),0024000808,平成24年8月
3135,06041300,出荷 販売 金額（百万円）,060090000,二塩化エチレン (9) (t),0024000909,平成24年9月
3127,06041300,出荷 販売 金額（百万円）,060090000,二塩化エチレン (9) (t),0024001010,平成24年10月
1737,06041300,出荷 販売 金額（百万円）,060090000,二塩化エチレン (9) (t),0024001111,平成24年11月
822,06041300,出荷 販売 金額（百万円）,060090000,二塩化エチレン (9) (t),0024001212,平成24年12月
…,06041300,出荷 販売 金額（百万円）,060100000,プロピレン (10) (t),0020000000,平成20年
…,06041300,出荷 販売 金額（百万円）,060100000,プロピレン (10) (t),0021000000,平成21年
…,06041300,出荷 販売 金額（百万円）,060100000,プロピレン (10) (t),0022000000,平成22年
…,06041300,出荷 販売 金額（百万円）,060100000,プロピレン (10) (t),0023000000,平成23年
…,06041300,出荷 販売 金額（百万円）,060100000,プロピレン (10) (t),0024000000,平成24年
…,06041300,出荷 販売 金額（百万円）,060100000,プロピレン (10) (t),0022010000,平成22年度
…,06041300,出荷 販売 金額（百万円）,060100000,プロピレン (10) (t),0023010000,平成23年度
…,06041300,出荷 販売 金額（百万円）,060100000,プロピレン (10) (t),0024000103,平成24年 1 ～ 3 月
…,06041300,出荷 販売 金額（百万円）,060100000,プロピレン (10) (t),0024000406,平成24年 4 ～ 6 月
…,06041300,出荷 販売 金額（百万円）,060100000,プロピレン (10) (t),0024000709,平成24年 7 ～ 9 月
…,06041300,出荷 販売 金額（百万円）,060100000,プロピレン (10) (t),0024001012,平成24年 10 ～ 12 月
…,06041300,出荷 販売 金額（百万円）,060100000,プロピレン (10) (t),0024000101,平成24年1月
…,06041300,出荷 販売 金額（百万円）,060100000,プロピレン (10) (t),0024000202,平成24年2月
…,06041300,出荷 販売 金額（百万円）,060100000,プロピレン (10) (t),0024000303,平成24年3月
…,06041300,出荷 販売 金額（百万円）,060100000,プロピレン (10) (t),0024000404,平成24年4月
…,06041300,出荷 販売 金額（百万円）,060100000,プロピレン (10) (t),0024000505,平成24年5月
…,06041300,出荷 販売 金額（百万円）,060100000,プロピレン (10) (t),0024000606,平成24年6月
…,06041300,出荷 販売 金額（百万円）,060100000,プロピレン (10) (t),0024000707,平成24年7月
…,06041300,出荷 販売 金額（百万円）,060100000,プロピレン (10) (t),0024000808,平成24年8月
…,06041300,出荷 販売 金額（百万円）,060100000,プロピレン (10) (t),0024000909,平成24年9月
…,06041300,出荷 販売 金額（百万円）,060100000,プロピレン (10) (t),0024001010,平成24年10月
…,06041300,出荷 販売 金額（百万円）,060100000,プロピレン (10) (t),0024001111,平成24年11月
…,06041300,出荷 販売 金額（百万円）,060100000,プロピレン (10) (t),0024001212,平成24年12月
141448,06041300,出荷 販売 金額（百万円）,060110000,酸化プロピレン (11) (t),0020000000,平成20年
106664,06041300,出荷 販売 金額（百万円）,060110000,酸化プロピレン (11) (t),0021000000,平成21年
94440,06041300,出荷 販売 金額（百万円）,060110000,酸化プロピレン (11) (t),0022000000,平成22年
98834,06041300,出荷 販売 金額（百万円）,060110000,酸化プロピレン (11) (t),0023000000,平成23年
75212,06041300,出荷 販売 金額（百万円）,060110000,酸化プロピレン (11) (t),0024000000,平成24年
90157,06041300,出荷 販売 金額（百万円）,060110000,酸化プロピレン (11) (t),0022010000,平成22年度
97855,06041300,出荷 販売 金額（百万円）,060110000,酸化プロピレン (11) (t),0023010000,平成23年度
24003,06041300,出荷 販売 金額（百万円）,060110000,酸化プロピレン (11) (t),0024000103,平成24年 1 ～ 3 月
17976,06041300,出荷 販売 金額（百万円）,060110000,酸化プロピレン (11) (t),0024000406,平成24年 4 ～ 6 月
15434,06041300,出荷 販売 金額（百万円）,060110000,酸化プロピレン (11) (t),0024000709,平成24年 7 ～ 9 月
17799,06041300,出荷 販売 金額（百万円）,060110000,酸化プロピレン (11) (t),0024001012,平成24年 10 ～ 12 月
7688,06041300,出荷 販売 金額（百万円）,060110000,酸化プロピレン (11) (t),0024000101,平成24年1月
8041,06041300,出荷 販売 金額（百万円）,060110000,酸化プロピレン (11) (t),0024000202,平成24年2月
8274,06041300,出荷 販売 金額（百万円）,060110000,酸化プロピレン (11) (t),0024000303,平成24年3月
7727,06041300,出荷 販売 金額（百万円）,060110000,酸化プロピレン (11) (t),0024000404,平成24年4月
5997,06041300,出荷 販売 金額（百万円）,060110000,酸化プロピレン (11) (t),0024000505,平成24年5月
4251,06041300,出荷 販売 金額（百万円）,060110000,酸化プロピレン (11) (t),0024000606,平成24年6月
4194,06041300,出荷 販売 金額（百万円）,060110000,酸化プロピレン (11) (t),0024000707,平成24年7月
5002,06041300,出荷 販売 金額（百万円）,060110000,酸化プロピレン (11) (t),0024000808,平成24年8月
6238,06041300,出荷 販売 金額（百万円）,060110000,酸化プロピレン (11) (t),0024000909,平成24年9月
6082,06041300,出荷 販売 金額（百万円）,060110000,酸化プロピレン (11) (t),0024001010,平成24年10月
6738,06041300,出荷 販売 金額（百万円）,060110000,酸化プロピレン (11) (t),0024001111,平成24年11月
4979,06041300,出荷 販売 金額（百万円）,060110000,酸化プロピレン (11) (t),0024001212,平成24年12月
11094,06041300,出荷 販売 金額（百万円）,060120000,プロピレングリコール (12) (t),0020000000,平成20年
9738,06041300,出荷 販売 金額（百万円）,060120000,プロピレングリコール (12) (t),0021000000,平成21年
15106,06041300,出荷 販売 金額（百万円）,060120000,プロピレングリコール (12) (t),0022000000,平成22年
14485,06041300,出荷 販売 金額（百万円）,060120000,プロピレングリコール (12) (t),0023000000,平成23年
11855,06041300,出荷 販売 金額（百万円）,060120000,プロピレングリコール (12) (t),0024000000,平成24年
14334,06041300,出荷 販売 金額（百万円）,060120000,プロピレングリコール (12) (t),0022010000,平成22年度
14807,06041300,出荷 販売 金額（百万円）,060120000,プロピレングリコール (12) (t),0023010000,平成23年度
3621,06041300,出荷 販売 金額（百万円）,060120000,プロピレングリコール (12) (t),0024000103,平成24年 1 ～ 3 月
2997,06041300,出荷 販売 金額（百万円）,060120000,プロピレングリコール (12) (t),0024000406,平成24年 4 ～ 6 月
2553,06041300,出荷 販売 金額（百万円）,060120000,プロピレングリコール (12) (t),0024000709,平成24年 7 ～ 9 月
2683,06041300,出荷 販売 金額（百万円）,060120000,プロピレングリコール (12) (t),0024001012,平成24年 10 ～ 12 月
1337,06041300,出荷 販売 金額（百万円）,060120000,プロピレングリコール (12) (t),0024000101,平成24年1月
1074,06041300,出荷 販売 金額（百万円）,060120000,プロピレングリコール (12) (t),0024000202,平成24年2月
1209,06041300,出荷 販売 金額（百万円）,060120000,プロピレングリコール (12) (t),0024000303,平成24年3月
979,06041300,出荷 販売 金額（百万円）,060120000,プロピレングリコール (12) (t),0024000404,平成24年4月
805,06041300,出荷 販売 金額（百万円）,060120000,プロピレングリコール (12) (t),0024000505,平成24年5月
1213,06041300,出荷 販売 金額（百万円）,060120000,プロピレングリコール (12) (t),0024000606,平成24年6月
658,06041300,出荷 販売 金額（百万円）,060120000,プロピレングリコール (12) (t),0024000707,平成24年7月
526,06041300,出荷 販売 金額（百万円）,060120000,プロピレングリコール (12) (t),0024000808,平成24年8月
1369,06041300,出荷 販売 金額（百万円）,060120000,プロピレングリコール (12) (t),0024000909,平成24年9月
687,06041300,出荷 販売 金額（百万円）,060120000,プロピレングリコール (12) (t),0024001010,平成24年10月
830,06041300,出荷 販売 金額（百万円）,060120000,プロピレングリコール (12) (t),0024001111,平成24年11月
1166,06041300,出荷 販売 金額（百万円）,060120000,プロピレングリコール (12) (t),0024001212,平成24年12月
64157,06041300,出荷 販売 金額（百万円）,060130000,ポリプロピレングリコール (13) (t),0020000000,平成20年
45773,06041300,出荷 販売 金額（百万円）,060130000,ポリプロピレングリコール (13) (t),0021000000,平成21年
54007,06041300,出荷 販売 金額（百万円）,060130000,ポリプロピレングリコール (13) (t),0022000000,平成22年
52401,06041300,出荷 販売 金額（百万円）,060130000,ポリプロピレングリコール (13) (t),0023000000,平成23年
51415,06041300,出荷 販売 金額（百万円）,060130000,ポリプロピレングリコール (13) (t),0024000000,平成24年
54345,06041300,出荷 販売 金額（百万円）,060130000,ポリプロピレングリコール (13) (t),0022010000,平成22年度
52139,06041300,出荷 販売 金額（百万円）,060130000,ポリプロピレングリコール (13) (t),0023010000,平成23年度
12941,06041300,出荷 販売 金額（百万円）,060130000,ポリプロピレングリコール (13) (t),0024000103,平成24年 1 ～ 3 月
13309,06041300,出荷 販売 金額（百万円）,060130000,ポリプロピレングリコール (13) (t),0024000406,平成24年 4 ～ 6 月
12620,06041300,出荷 販売 金額（百万円）,060130000,ポリプロピレングリコール (13) (t),0024000709,平成24年 7 ～ 9 月
12545,06041300,出荷 販売 金額（百万円）,060130000,ポリプロピレングリコール (13) (t),0024001012,平成24年 10 ～ 12 月
3962,06041300,出荷 販売 金額（百万円）,060130000,ポリプロピレングリコール (13) (t),0024000101,平成24年1月
4464,06041300,出荷 販売 金額（百万円）,060130000,ポリプロピレングリコール (13) (t),0024000202,平成24年2月
4515,06041300,出荷 販売 金額（百万円）,060130000,ポリプロピレングリコール (13) (t),0024000303,平成24年3月
4665,06041300,出荷 販売 金額（百万円）,060130000,ポリプロピレングリコール (13) (t),0024000404,平成24年4月
4225,06041300,出荷 販売 金額（百万円）,060130000,ポリプロピレングリコール (13) (t),0024000505,平成24年5月
4419,06041300,出荷 販売 金額（百万円）,060130000,ポリプロピレングリコール (13) (t),0024000606,平成24年6月
4530,06041300,出荷 販売 金額（百万円）,060130000,ポリプロピレングリコール (13) (t),0024000707,平成24年7月
4120,06041300,出荷 販売 金額（百万円）,060130000,ポリプロピレングリコール (13) (t),0024000808,平成24年8月
3970,06041300,出荷 販売 金額（百万円）,060130000,ポリプロピレングリコール (13) (t),0024000909,平成24年9月
4429,06041300,出荷 販売 金額（百万円）,060130000,ポリプロピレングリコール (13) (t),0024001010,平成24年10月
4243,06041300,出荷 販売 金額（百万円）,060130000,ポリプロピレングリコール (13) (t),0024001111,平成24年11月
3873,06041300,出荷 販売 金額（百万円）,060130000,ポリプロピレングリコール (13) (t),0024001212,平成24年12月
22132,06041300,出荷 販売 金額（百万円）,060140000,エピクロルヒドリン (14) (t),0020000000,平成20年
13311,06041300,出荷 販売 金額（百万円）,060140000,エピクロルヒドリン (14) (t),0021000000,平成21年
18521,06041300,出荷 販売 金額（百万円）,060140000,エピクロルヒドリン (14) (t),0022000000,平成22年
18483,06041300,出荷 販売 金額（百万円）,060140000,エピクロルヒドリン (14) (t),0023000000,平成23年
20576,06041300,出荷 販売 金額（百万円）,060140000,エピクロルヒドリン (14) (t),0024000000,平成24年
19267,06041300,出荷 販売 金額（百万円）,060140000,エピクロルヒドリン (14) (t),0022010000,平成22年度
18452,06041300,出荷 販売 金額（百万円）,060140000,エピクロルヒドリン (14) (t),0023010000,平成23年度
4720,06041300,出荷 販売 金額（百万円）,060140000,エピクロルヒドリン (14) (t),0024000103,平成24年 1 ～ 3 月
4999,06041300,出荷 販売 金額（百万円）,060140000,エピクロルヒドリン (14) (t),0024000406,平成24年 4 ～ 6 月
5118,06041300,出荷 販売 金額（百万円）,060140000,エピクロルヒドリン (14) (t),0024000709,平成24年 7 ～ 9 月
5739,06041300,出荷 販売 金額（百万円）,060140000,エピクロルヒドリン (14) (t),0024001012,平成24年 10 ～ 12 月
1596,06041300,出荷 販売 金額（百万円）,060140000,エピクロルヒドリン (14) (t),0024000101,平成24年1月
1783,06041300,出荷 販売 金額（百万円）,060140000,エピクロルヒドリン (14) (t),0024000202,平成24年2月
1341,06041300,出荷 販売 金額（百万円）,060140000,エピクロルヒドリン (14) (t),0024000303,平成24年3月
1790,06041300,出荷 販売 金額（百万円）,060140000,エピクロルヒドリン (14) (t),0024000404,平成24年4月
1896,06041300,出荷 販売 金額（百万円）,060140000,エピクロルヒドリン (14) (t),0024000505,平成24年5月
1313,06041300,出荷 販売 金額（百万円）,060140000,エピクロルヒドリン (14) (t),0024000606,平成24年6月
2063,06041300,出荷 販売 金額（百万円）,060140000,エピクロルヒドリン (14) (t),0024000707,平成24年7月
1795,06041300,出荷 販売 金額（百万円）,060140000,エピクロルヒドリン (14) (t),0024000808,平成24年8月
1261,06041300,出荷 販売 金額（百万円）,060140000,エピクロルヒドリン (14) (t),0024000909,平成24年9月
1939,06041300,出荷 販売 金額（百万円）,060140000,エピクロルヒドリン (14) (t),0024001010,平成24年10月
1852,06041300,出荷 販売 金額（百万円）,060140000,エピクロルヒドリン (14) (t),0024001111,平成24年11月
1948,06041300,出荷 販売 金額（百万円）,060140000,エピクロルヒドリン (14) (t),0024001212,平成24年12月
21871,06041300,出荷 販売 金額（百万円）,060150000,イソプロピルアルコール (15) (t),0020000000,平成20年
18039,06041300,出荷 販売 金額（百万円）,060150000,イソプロピルアルコール (15) (t),0021000000,平成21年
21168,06041300,出荷 販売 金額（百万円）,060150000,イソプロピルアルコール (15) (t),0022000000,平成22年
21114,06041300,出荷 販売 金額（百万円）,060150000,イソプロピルアルコール (15) (t),0023000000,平成23年
18352,06041300,出荷 販売 金額（百万円）,060150000,イソプロピルアルコール (15) (t),0024000000,平成24年
21052,06041300,出荷 販売 金額（百万円）,060150000,イソプロピルアルコール (15) (t),0022010000,平成22年度
20780,06041300,出荷 販売 金額（百万円）,060150000,イソプロピルアルコール (15) (t),0023010000,平成23年度
4789,06041300,出荷 販売 金額（百万円）,060150000,イソプロピルアルコール (15) (t),0024000103,平成24年 1 ～ 3 月
4737,06041300,出荷 販売 金額（百万円）,060150000,イソプロピルアルコール (15) (t),0024000406,平成24年 4 ～ 6 月
4251,06041300,出荷 販売 金額（百万円）,060150000,イソプロピルアルコール (15) (t),0024000709,平成24年 7 ～ 9 月
4575,06041300,出荷 販売 金額（百万円）,060150000,イソプロピルアルコール (15) (t),0024001012,平成24年 10 ～ 12 月
1552,06041300,出荷 販売 金額（百万円）,060150000,イソプロピルアルコール (15) (t),0024000101,平成24年1月
1566,06041300,出荷 販売 金額（百万円）,060150000,イソプロピルアルコール (15) (t),0024000202,平成24年2月
1671,06041300,出荷 販売 金額（百万円）,060150000,イソプロピルアルコール (15) (t),0024000303,平成24年3月
1788,06041300,出荷 販売 金額（百万円）,060150000,イソプロピルアルコール (15) (t),0024000404,平成24年4月
1549,06041300,出荷 販売 金額（百万円）,060150000,イソプロピルアルコール (15) (t),0024000505,平成24年5月
1400,06041300,出荷 販売 金額（百万円）,060150000,イソプロピルアルコール (15) (t),0024000606,平成24年6月
1736,06041300,出荷 販売 金額（百万円）,060150000,イソプロピルアルコール (15) (t),0024000707,平成24年7月
1249,06041300,出荷 販売 金額（百万円）,060150000,イソプロピルアルコール (15) (t),0024000808,平成24年8月
1267,06041300,出荷 販売 金額（百万円）,060150000,イソプロピルアルコール (15) (t),0024000909,平成24年9月
1453,06041300,出荷 販売 金額（百万円）,060150000,イソプロピルアルコール (15) (t),0024001010,平成24年10月
1375,06041300,出荷 販売 金額（百万円）,060150000,イソプロピルアルコール (15) (t),0024001111,平成24年11月
1747,06041300,出荷 販売 金額（百万円）,060150000,イソプロピルアルコール (15) (t),0024001212,平成24年12月
97223,06041300,出荷 販売 金額（百万円）,060160000,合成アセトン (16) (t),0020000000,平成20年
91216,06041300,出荷 販売 金額（百万円）,060160000,合成アセトン (16) (t),0021000000,平成21年
95383,06041300,出荷 販売 金額（百万円）,060160000,合成アセトン (16) (t),0022000000,平成22年
95423,06041300,出荷 販売 金額（百万円）,060160000,合成アセトン (16) (t),0023000000,平成23年
96244,06041300,出荷 販売 金額（百万円）,060160000,合成アセトン (16) (t),0024000000,平成24年
94417,06041300,出荷 販売 金額（百万円）,060160000,合成アセトン (16) (t),0022010000,平成22年度
96800,06041300,出荷 販売 金額（百万円）,060160000,合成アセトン (16) (t),0023010000,平成23年度
26598,06041300,出荷 販売 金額（百万円）,060160000,合成アセトン (16) (t),0024000103,平成24年 1 ～ 3 月
25223,06041300,出荷 販売 金額（百万円）,060160000,合成アセトン (16) (t),0024000406,平成24年 4 ～ 6 月
22580,06041300,出荷 販売 金額（百万円）,060160000,合成アセトン (16) (t),0024000709,平成24年 7 ～ 9 月
21844,06041300,出荷 販売 金額（百万円）,060160000,合成アセトン (16) (t),0024001012,平成24年 10 ～ 12 月
7841,06041300,出荷 販売 金額（百万円）,060160000,合成アセトン (16) (t),0024000101,平成24年1月
9347,06041300,出荷 販売 金額（百万円）,060160000,合成アセトン (16) (t),0024000202,平成24年2月
9410,06041300,出荷 販売 金額（百万円）,060160000,合成アセトン (16) (t),0024000303,平成24年3月
7675,06041300,出荷 販売 金額（百万円）,060160000,合成アセトン (16) (t),0024000404,平成24年4月
9603,06041300,出荷 販売 金額（百万円）,060160000,合成アセトン (16) (t),0024000505,平成24年5月
7946,06041300,出荷 販売 金額（百万円）,060160000,合成アセトン (16) (t),0024000606,平成24年6月
6671,06041300,出荷 販売 金額（百万円）,060160000,合成アセトン (16) (t),0024000707,平成24年7月
8175,06041300,出荷 販売 金額（百万円）,060160000,合成アセトン (16) (t),0024000808,平成24年8月
7734,06041300,出荷 販売 金額（百万円）,060160000,合成アセトン (16) (t),0024000909,平成24年9月
7063,06041300,出荷 販売 金額（百万円）,060160000,合成アセトン (16) (t),0024001010,平成24年10月
5999,06041300,出荷 販売 金額（百万円）,060160000,合成アセトン (16) (t),0024001111,平成24年11月
8781,06041300,出荷 販売 金額（百万円）,060160000,合成アセトン (16) (t),0024001212,平成24年12月
19028,06041300,出荷 販売 金額（百万円）,060170000,メチルイソブチルケトン (17) (t),0020000000,平成20年
16748,06041300,出荷 販売 金額（百万円）,060170000,メチルイソブチルケトン (17) (t),0021000000,平成21年
18201,06041300,出荷 販売 金額（百万円）,060170000,メチルイソブチルケトン (17) (t),0022000000,平成22年
17170,06041300,出荷 販売 金額（百万円）,060170000,メチルイソブチルケトン (17) (t),0023000000,平成23年
17514,06041300,出荷 販売 金額（百万円）,060170000,メチルイソブチルケトン (17) (t),0024000000,平成24年
17660,06041300,出荷 販売 金額（百万円）,060170000,メチルイソブチルケトン (17) (t),0022010000,平成22年度
17875,06041300,出荷 販売 金額（百万円）,060170000,メチルイソブチルケトン (17) (t),0023010000,平成23年度
5383,06041300,出荷 販売 金額（百万円）,060170000,メチルイソブチルケトン (17) (t),0024000103,平成24年 1 ～ 3 月
2935,06041300,出荷 販売 金額（百万円）,060170000,メチルイソブチルケトン (17) (t),0024000406,平成24年 4 ～ 6 月
4348,06041300,出荷 販売 金額（百万円）,060170000,メチルイソブチルケトン (17) (t),0024000709,平成24年 7 ～ 9 月
4848,06041300,出荷 販売 金額（百万円）,060170000,メチルイソブチルケトン (17) (t),0024001012,平成24年 10 ～ 12 月
1923,06041300,出荷 販売 金額（百万円）,060170000,メチルイソブチルケトン (17) (t),0024000101,平成24年1月
1742,06041300,出荷 販売 金額（百万円）,060170000,メチルイソブチルケトン (17) (t),0024000202,平成24年2月
1718,06041300,出荷 販売 金額（百万円）,060170000,メチルイソブチルケトン (17) (t),0024000303,平成24年3月
1982,06041300,出荷 販売 金額（百万円）,060170000,メチルイソブチルケトン (17) (t),0024000404,平成24年4月
579,06041300,出荷 販売 金額（百万円）,060170000,メチルイソブチルケトン (17) (t),0024000505,平成24年5月
374,06041300,出荷 販売 金額（百万円）,060170000,メチルイソブチルケトン (17) (t),0024000606,平成24年6月
647,06041300,出荷 販売 金額（百万円）,060170000,メチルイソブチルケトン (17) (t),0024000707,平成24年7月
1631,06041300,出荷 販売 金額（百万円）,060170000,メチルイソブチルケトン (17) (t),0024000808,平成24年8月
2071,06041300,出荷 販売 金額（百万円）,060170000,メチルイソブチルケトン (17) (t),0024000909,平成24年9月
1064,06041300,出荷 販売 金額（百万円）,060170000,メチルイソブチルケトン (17) (t),0024001010,平成24年10月
1565,06041300,出荷 販売 金額（百万円）,060170000,メチルイソブチルケトン (17) (t),0024001111,平成24年11月
2219,06041300,出荷 販売 金額（百万円）,060170000,メチルイソブチルケトン (17) (t),0024001212,平成24年12月
84849,06041300,出荷 販売 金額（百万円）,060180000,アクリロニトリル (18) (t),0020000000,平成20年
72017,06041300,出荷 販売 金額（百万円）,060180000,アクリロニトリル (18) (t),0021000000,平成21年
94653,06041300,出荷 販売 金額（百万円）,060180000,アクリロニトリル (18) (t),0022000000,平成22年
114992,06041300,出荷 販売 金額（百万円）,060180000,アクリロニトリル (18) (t),0023000000,平成23年
75392,06041300,出荷 販売 金額（百万円）,060180000,アクリロニトリル (18) (t),0024000000,平成24年
104507,06041300,出荷 販売 金額（百万円）,060180000,アクリロニトリル (18) (t),0022010000,平成22年度
103402,06041300,出荷 販売 金額（百万円）,060180000,アクリロニトリル (18) (t),0023010000,平成23年度
18049,06041300,出荷 販売 金額（百万円）,060180000,アクリロニトリル (18) (t),0024000103,平成24年 1 ～ 3 月
22219,06041300,出荷 販売 金額（百万円）,060180000,アクリロニトリル (18) (t),0024000406,平成24年 4 ～ 6 月
19002,06041300,出荷 販売 金額（百万円）,060180000,アクリロニトリル (18) (t),0024000709,平成24年 7 ～ 9 月
16122,06041300,出荷 販売 金額（百万円）,060180000,アクリロニトリル (18) (t),0024001012,平成24年 10 ～ 12 月
5989,06041300,出荷 販売 金額（百万円）,060180000,アクリロニトリル (18) (t),0024000101,平成24年1月
7294,06041300,出荷 販売 金額（百万円）,060180000,アクリロニトリル (18) (t),0024000202,平成24年2月
4765,06041300,出荷 販売 金額（百万円）,060180000,アクリロニトリル (18) (t),0024000303,平成24年3月
6266,06041300,出荷 販売 金額（百万円）,060180000,アクリロニトリル (18) (t),0024000404,平成24年4月
8347,06041300,出荷 販売 金額（百万円）,060180000,アクリロニトリル (18) (t),0024000505,平成24年5月
7606,06041300,出荷 販売 金額（百万円）,060180000,アクリロニトリル (18) (t),0024000606,平成24年6月
7265,06041300,出荷 販売 金額（百万円）,060180000,アクリロニトリル (18) (t),0024000707,平成24年7月
5914,06041300,出荷 販売 金額（百万円）,060180000,アクリロニトリル (18) (t),0024000808,平成24年8月
5823,06041300,出荷 販売 金額（百万円）,060180000,アクリロニトリル (18) (t),0024000909,平成24年9月
6081,06041300,出荷 販売 金額（百万円）,060180000,アクリロニトリル (18) (t),0024001010,平成24年10月
4256,06041300,出荷 販売 金額（百万円）,060180000,アクリロニトリル (18) (t),0024001111,平成24年11月
5785,06041300,出荷 販売 金額（百万円）,060180000,アクリロニトリル (18) (t),0024001212,平成24年12月
38420,06041300,出荷 販売 金額（百万円）,060190000,アクリル酸エステル (19) (t),0020000000,平成20年
36282,06041300,出荷 販売 金額（百万円）,060190000,アクリル酸エステル (19) (t),0021000000,平成21年
38407,06041300,出荷 販売 金額（百万円）,060190000,アクリル酸エステル (19) (t),0022000000,平成22年
39419,06041300,出荷 販売 金額（百万円）,060190000,アクリル酸エステル (19) (t),0023000000,平成23年
36188,06041300,出荷 販売 金額（百万円）,060190000,アクリル酸エステル (19) (t),0024000000,平成24年
38106,06041300,出荷 販売 金額（百万円）,060190000,アクリル酸エステル (19) (t),0022010000,平成22年度
39569,06041300,出荷 販売 金額（百万円）,060190000,アクリル酸エステル (19) (t),0023010000,平成23年度
9828,06041300,出荷 販売 金額（百万円）,060190000,アクリル酸エステル (19) (t),0024000103,平成24年 1 ～ 3 月
9550,06041300,出荷 販売 金額（百万円）,060190000,アクリル酸エステル (19) (t),0024000406,平成24年 4 ～ 6 月
9696,06041300,出荷 販売 金額（百万円）,060190000,アクリル酸エステル (19) (t),0024000709,平成24年 7 ～ 9 月
7114,06041300,出荷 販売 金額（百万円）,060190000,アクリル酸エステル (19) (t),0024001012,平成24年 10 ～ 12 月
2947,06041300,出荷 販売 金額（百万円）,060190000,アクリル酸エステル (19) (t),0024000101,平成24年1月
3303,06041300,出荷 販売 金額（百万円）,060190000,アクリル酸エステル (19) (t),0024000202,平成24年2月
3578,06041300,出荷 販売 金額（百万円）,060190000,アクリル酸エステル (19) (t),0024000303,平成24年3月
3169,06041300,出荷 販売 金額（百万円）,060190000,アクリル酸エステル (19) (t),0024000404,平成24年4月
3388,06041300,出荷 販売 金額（百万円）,060190000,アクリル酸エステル (19) (t),0024000505,平成24年5月
2993,06041300,出荷 販売 金額（百万円）,060190000,アクリル酸エステル (19) (t),0024000606,平成24年6月
3692,06041300,出荷 販売 金額（百万円）,060190000,アクリル酸エステル (19) (t),0024000707,平成24年7月
2920,06041300,出荷 販売 金額（百万円）,060190000,アクリル酸エステル (19) (t),0024000808,平成24年8月
3083,06041300,出荷 販売 金額（百万円）,060190000,アクリル酸エステル (19) (t),0024000909,平成24年9月
2949,06041300,出荷 販売 金額（百万円）,060190000,アクリル酸エステル (19) (t),0024001010,平成24年10月
2250,06041300,出荷 販売 金額（百万円）,060190000,アクリル酸エステル (19) (t),0024001111,平成24年11月
1915,06041300,出荷 販売 金額（百万円）,060190000,アクリル酸エステル (19) (t),0024001212,平成24年12月
36097,06041300,出荷 販売 金額（百万円）,060200000,合成オクタノール (20) (t),0020000000,平成20年
27789,06041300,出荷 販売 金額（百万円）,060200000,合成オクタノール (20) (t),0021000000,平成21年
31352,06041300,出荷 販売 金額（百万円）,060200000,合成オクタノール (20) (t),0022000000,平成22年
31373,06041300,出荷 販売 金額（百万円）,060200000,合成オクタノール (20) (t),0023000000,平成23年
30848,06041300,出荷 販売 金額（百万円）,060200000,合成オクタノール (20) (t),0024000000,平成24年
32181,06041300,出荷 販売 金額（百万円）,060200000,合成オクタノール (20) (t),0022010000,平成22年度
31291,06041300,出荷 販売 金額（百万円）,060200000,合成オクタノール (20) (t),0023010000,平成23年度
8095,06041300,出荷 販売 金額（百万円）,060200000,合成オクタノール (20) (t),0024000103,平成24年 1 ～ 3 月
6270,06041300,出荷 販売 金額（百万円）,060200000,合成オクタノール (20) (t),0024000406,平成24年 4 ～ 6 月
8348,06041300,出荷 販売 金額（百万円）,060200000,合成オクタノール (20) (t),0024000709,平成24年 7 ～ 9 月
8135,06041300,出荷 販売 金額（百万円）,060200000,合成オクタノール (20) (t),0024001012,平成24年 10 ～ 12 月
2488,06041300,出荷 販売 金額（百万円）,060200000,合成オクタノール (20) (t),0024000101,平成24年1月
2633,06041300,出荷 販売 金額（百万円）,060200000,合成オクタノール (20) (t),0024000202,平成24年2月
2975,06041300,出荷 販売 金額（百万円）,060200000,合成オクタノール (20) (t),0024000303,平成24年3月
2175,06041300,出荷 販売 金額（百万円）,060200000,合成オクタノール (20) (t),0024000404,平成24年4月
2203,06041300,出荷 販売 金額（百万円）,060200000,合成オクタノール (20) (t),0024000505,平成24年5月
1891,06041300,出荷 販売 金額（百万円）,060200000,合成オクタノール (20) (t),0024000606,平成24年6月
2509,06041300,出荷 販売 金額（百万円）,060200000,合成オクタノール (20) (t),0024000707,平成24年7月
2802,06041300,出荷 販売 金額（百万円）,060200000,合成オクタノール (20) (t),0024000808,平成24年8月
3037,06041300,出荷 販売 金額（百万円）,060200000,合成オクタノール (20) (t),0024000909,平成24年9月
2606,06041300,出荷 販売 金額（百万円）,060200000,合成オクタノール (20) (t),0024001010,平成24年10月
2427,06041300,出荷 販売 金額（百万円）,060200000,合成オクタノール (20) (t),0024001111,平成24年11月
3103,06041300,出荷 販売 金額（百万円）,060200000,合成オクタノール (20) (t),0024001212,平成24年12月
21771,06041300,出荷 販売 金額（百万円）,060210000,合成ブタノール (21) (t),0020000000,平成20年
15786,06041300,出荷 販売 金額（百万円）,060210000,合成ブタノール (21) (t),0021000000,平成21年
23523,06041300,出荷 販売 金額（百万円）,060210000,合成ブタノール (21) (t),0022000000,平成22年
19581,06041300,出荷 販売 金額（百万円）,060210000,合成ブタノール (21) (t),0023000000,平成23年
15009,06041300,出荷 販売 金額（百万円）,060210000,合成ブタノール (21) (t),0024000000,平成24年
23460,06041300,出荷 販売 金額（百万円）,060210000,合成ブタノール (21) (t),0022010000,平成22年度
17966,06041300,出荷 販売 金額（百万円）,060210000,合成ブタノール (21) (t),0023010000,平成23年度
3886,06041300,出荷 販売 金額（百万円）,060210000,合成ブタノール (21) (t),0024000103,平成24年 1 ～ 3 月
3734,06041300,出荷 販売 金額（百万円）,060210000,合成ブタノール (21) (t),0024000406,平成24年 4 ～ 6 月
3553,06041300,出荷 販売 金額（百万円）,060210000,合成ブタノール (21) (t),0024000709,平成24年 7 ～ 9 月
3837,06041300,出荷 販売 金額（百万円）,060210000,合成ブタノール (21) (t),0024001012,平成24年 10 ～ 12 月
1487,06041300,出荷 販売 金額（百万円）,060210000,合成ブタノール (21) (t),0024000101,平成24年1月
1129,06041300,出荷 販売 金額（百万円）,060210000,合成ブタノール (21) (t),0024000202,平成24年2月
1270,06041300,出荷 販売 金額（百万円）,060210000,合成ブタノール (21) (t),0024000303,平成24年3月
1400,06041300,出荷 販売 金額（百万円）,060210000,合成ブタノール (21) (t),0024000404,平成24年4月
1168,06041300,出荷 販売 金額（百万円）,060210000,合成ブタノール (21) (t),0024000505,平成24年5月
1166,06041300,出荷 販売 金額（百万円）,060210000,合成ブタノール (21) (t),0024000606,平成24年6月
1221,06041300,出荷 販売 金額（百万円）,060210000,合成ブタノール (21) (t),0024000707,平成24年7月
1207,06041300,出荷 販売 金額（百万円）,060210000,合成ブタノール (21) (t),0024000808,平成24年8月
1125,06041300,出荷 販売 金額（百万円）,060210000,合成ブタノール (21) (t),0024000909,平成24年9月
1136,06041300,出荷 販売 金額（百万円）,060210000,合成ブタノール (21) (t),0024001010,平成24年10月
1334,06041300,出荷 販売 金額（百万円）,060210000,合成ブタノール (21) (t),0024001111,平成24年11月
1367,06041300,出荷 販売 金額（百万円）,060210000,合成ブタノール (21) (t),0024001212,平成24年12月
35929,06041300,出荷 販売 金額（百万円）,060220000,メチルエチルケトン (22) (t),0020000000,平成20年
30293,06041300,出荷 販売 金額（百万円）,060220000,メチルエチルケトン (22) (t),0021000000,平成21年
33384,06041300,出荷 販売 金額（百万円）,060220000,メチルエチルケトン (22) (t),0022000000,平成22年
20219,06041300,出荷 販売 金額（百万円）,060220000,メチルエチルケトン (22) (t),0023000000,平成23年
19026,06041300,出荷 販売 金額（百万円）,060220000,メチルエチルケトン (22) (t),0024000000,平成24年
32773,06041300,出荷 販売 金額（百万円）,060220000,メチルエチルケトン (22) (t),0022010000,平成22年度
15561,06041300,出荷 販売 金額（百万円）,060220000,メチルエチルケトン (22) (t),0023010000,平成23年度
3756,06041300,出荷 販売 金額（百万円）,060220000,メチルエチルケトン (22) (t),0024000103,平成24年 1 ～ 3 月
4862,06041300,出荷 販売 金額（百万円）,060220000,メチルエチルケトン (22) (t),0024000406,平成24年 4 ～ 6 月
5263,06041300,出荷 販売 金額（百万円）,060220000,メチルエチルケトン (22) (t),0024000709,平成24年 7 ～ 9 月
5145,06041300,出荷 販売 金額（百万円）,060220000,メチルエチルケトン (22) (t),0024001012,平成24年 10 ～ 12 月
1013,06041300,出荷 販売 金額（百万円）,060220000,メチルエチルケトン (22) (t),0024000101,平成24年1月
1334,06041300,出荷 販売 金額（百万円）,060220000,メチルエチルケトン (22) (t),0024000202,平成24年2月
1410,06041300,出荷 販売 金額（百万円）,060220000,メチルエチルケトン (22) (t),0024000303,平成24年3月
1642,06041300,出荷 販売 金額（百万円）,060220000,メチルエチルケトン (22) (t),0024000404,平成24年4月
1797,06041300,出荷 販売 金額（百万円）,060220000,メチルエチルケトン (22) (t),0024000505,平成24年5月
1423,06041300,出荷 販売 金額（百万円）,060220000,メチルエチルケトン (22) (t),0024000606,平成24年6月
1466,06041300,出荷 販売 金額（百万円）,060220000,メチルエチルケトン (22) (t),0024000707,平成24年7月
1669,06041300,出荷 販売 金額（百万円）,060220000,メチルエチルケトン (22) (t),0024000808,平成24年8月
2128,06041300,出荷 販売 金額（百万円）,060220000,メチルエチルケトン (22) (t),0024000909,平成24年9月
1933,06041300,出荷 販売 金額（百万円）,060220000,メチルエチルケトン (22) (t),0024001010,平成24年10月
1404,06041300,出荷 販売 金額（百万円）,060220000,メチルエチルケトン (22) (t),0024001111,平成24年11月
1808,06041300,出荷 販売 金額（百万円）,060220000,メチルエチルケトン (22) (t),0024001212,平成24年12月
…,06041300,出荷 販売 金額（百万円）,060230000,ブタン･ブチレン (23) (t),0020000000,平成20年
…,06041300,出荷 販売 金額（百万円）,060230000,ブタン･ブチレン (23) (t),0021000000,平成21年
…,06041300,出荷 販売 金額（百万円）,060230000,ブタン･ブチレン (23) (t),0022000000,平成22年
…,06041300,出荷 販売 金額（百万円）,060230000,ブタン･ブチレン (23) (t),0023000000,平成23年
…,06041300,出荷 販売 金額（百万円）,060230000,ブタン･ブチレン (23) (t),0024000000,平成24年
…,06041300,出荷 販売 金額（百万円）,060230000,ブタン･ブチレン (23) (t),0022010000,平成22年度
…,06041300,出荷 販売 金額（百万円）,060230000,ブタン･ブチレン (23) (t),0023010000,平成23年度
…,06041300,出荷 販売 金額（百万円）,060230000,ブタン･ブチレン (23) (t),0024000103,平成24年 1 ～ 3 月
…,06041300,出荷 販売 金額（百万円）,060230000,ブタン･ブチレン (23) (t),0024000406,平成24年 4 ～ 6 月
…,06041300,出荷 販売 金額（百万円）,060230000,ブタン･ブチレン (23) (t),0024000709,平成24年 7 ～ 9 月
…,06041300,出荷 販売 金額（百万円）,060230000,ブタン･ブチレン (23) (t),0024001012,平成24年 10 ～ 12 月
…,06041300,出荷 販売 金額（百万円）,060230000,ブタン･ブチレン (23) (t),0024000101,平成24年1月
…,06041300,出荷 販売 金額（百万円）,060230000,ブタン･ブチレン (23) (t),0024000202,平成24年2月
…,06041300,出荷 販売 金額（百万円）,060230000,ブタン･ブチレン (23) (t),0024000303,平成24年3月
…,06041300,出荷 販売 金額（百万円）,060230000,ブタン･ブチレン (23) (t),0024000404,平成24年4月
…,06041300,出荷 販売 金額（百万円）,060230000,ブタン･ブチレン (23) (t),0024000505,平成24年5月
…,06041300,出荷 販売 金額（百万円）,060230000,ブタン･ブチレン (23) (t),0024000606,平成24年6月
…,06041300,出荷 販売 金額（百万円）,060230000,ブタン･ブチレン (23) (t),0024000707,平成24年7月
…,06041300,出荷 販売 金額（百万円）,060230000,ブタン･ブチレン (23) (t),0024000808,平成24年8月
…,06041300,出荷 販売 金額（百万円）,060230000,ブタン･ブチレン (23) (t),0024000909,平成24年9月
…,06041300,出荷 販売 金額（百万円）,060230000,ブタン･ブチレン (23) (t),0024001010,平成24年10月
…,06041300,出荷 販売 金額（百万円）,060230000,ブタン･ブチレン (23) (t),0024001111,平成24年11月
…,06041300,出荷 販売 金額（百万円）,060230000,ブタン･ブチレン (23) (t),0024001212,平成24年12月
…,06041300,出荷 販売 金額（百万円）,060240000,ブタジエン (24) (t),0020000000,平成20年
…,06041300,出荷 販売 金額（百万円）,060240000,ブタジエン (24) (t),0021000000,平成21年
…,06041300,出荷 販売 金額（百万円）,060240000,ブタジエン (24) (t),0022000000,平成22年
…,06041300,出荷 販売 金額（百万円）,060240000,ブタジエン (24) (t),0023000000,平成23年
…,06041300,出荷 販売 金額（百万円）,060240000,ブタジエン (24) (t),0024000000,平成24年
…,06041300,出荷 販売 金額（百万円）,060240000,ブタジエン (24) (t),0022010000,平成22年度
…,06041300,出荷 販売 金額（百万円）,060240000,ブタジエン (24) (t),0023010000,平成23年度
…,06041300,出荷 販売 金額（百万円）,060240000,ブタジエン (24) (t),0024000103,平成24年 1 ～ 3 月
…,06041300,出荷 販売 金額（百万円）,060240000,ブタジエン (24) (t),0024000406,平成24年 4 ～ 6 月
…,06041300,出荷 販売 金額（百万円）,060240000,ブタジエン (24) (t),0024000709,平成24年 7 ～ 9 月
…,06041300,出荷 販売 金額（百万円）,060240000,ブタジエン (24) (t),0024001012,平成24年 10 ～ 12 月
…,06041300,出荷 販売 金額（百万円）,060240000,ブタジエン (24) (t),0024000101,平成24年1月
…,06041300,出荷 販売 金額（百万円）,060240000,ブタジエン (24) (t),0024000202,平成24年2月
…,06041300,出荷 販売 金額（百万円）,060240000,ブタジエン (24) (t),0024000303,平成24年3月
…,06041300,出荷 販売 金額（百万円）,060240000,ブタジエン (24) (t),0024000404,平成24年4月
…,06041300,出荷 販売 金額（百万円）,060240000,ブタジエン (24) (t),0024000505,平成24年5月
…,06041300,出荷 販売 金額（百万円）,060240000,ブタジエン (24) (t),0024000606,平成24年6月
…,06041300,出荷 販売 金額（百万円）,060240000,ブタジエン (24) (t),0024000707,平成24年7月
…,06041300,出荷 販売 金額（百万円）,060240000,ブタジエン (24) (t),0024000808,平成24年8月
…,06041300,出荷 販売 金額（百万円）,060240000,ブタジエン (24) (t),0024000909,平成24年9月
…,06041300,出荷 販売 金額（百万円）,060240000,ブタジエン (24) (t),0024001010,平成24年10月
…,06041300,出荷 販売 金額（百万円）,060240000,ブタジエン (24) (t),0024001111,平成24年11月
…,06041300,出荷 販売 金額（百万円）,060240000,ブタジエン (24) (t),0024001212,平成24年12月
…,06041300,出荷 販売 金額（百万円）,060250000,ノルマルパラフィン (25) (t),0020000000,平成20年
…,06041300,出荷 販売 金額（百万円）,060250000,ノルマルパラフィン (25) (t),0021000000,平成21年
…,06041300,出荷 販売 金額（百万円）,060250000,ノルマルパラフィン (25) (t),0022000000,平成22年
…,06041300,出荷 販売 金額（百万円）,060250000,ノルマルパラフィン (25) (t),0023000000,平成23年
…,06041300,出荷 販売 金額（百万円）,060250000,ノルマルパラフィン (25) (t),0024000000,平成24年
…,06041300,出荷 販売 金額（百万円）,060250000,ノルマルパラフィン (25) (t),0022010000,平成22年度
…,06041300,出荷 販売 金額（百万円）,060250000,ノルマルパラフィン (25) (t),0023010000,平成23年度
…,06041300,出荷 販売 金額（百万円）,060250000,ノルマルパラフィン (25) (t),0024000103,平成24年 1 ～ 3 月
…,06041300,出荷 販売 金額（百万円）,060250000,ノルマルパラフィン (25) (t),0024000406,平成24年 4 ～ 6 月
…,06041300,出荷 販売 金額（百万円）,060250000,ノルマルパラフィン (25) (t),0024000709,平成24年 7 ～ 9 月
…,06041300,出荷 販売 金額（百万円）,060250000,ノルマルパラフィン (25) (t),0024001012,平成24年 10 ～ 12 月
…,06041300,出荷 販売 金額（百万円）,060250000,ノルマルパラフィン (25) (t),0024000101,平成24年1月
…,06041300,出荷 販売 金額（百万円）,060250000,ノルマルパラフィン (25) (t),0024000202,平成24年2月
…,06041300,出荷 販売 金額（百万円）,060250000,ノルマルパラフィン (25) (t),0024000303,平成24年3月
…,06041300,出荷 販売 金額（百万円）,060250000,ノルマルパラフィン (25) (t),0024000404,平成24年4月
…,06041300,出荷 販売 金額（百万円）,060250000,ノルマルパラフィン (25) (t),0024000505,平成24年5月
…,06041300,出荷 販売 金額（百万円）,060250000,ノルマルパラフィン (25) (t),0024000606,平成24年6月
…,06041300,出荷 販売 金額（百万円）,060250000,ノルマルパラフィン (25) (t),0024000707,平成24年7月
…,06041300,出荷 販売 金額（百万円）,060250000,ノルマルパラフィン (25) (t),0024000808,平成24年8月
…,06041300,出荷 販売 金額（百万円）,060250000,ノルマルパラフィン (25) (t),0024000909,平成24年9月
…,06041300,出荷 販売 金額（百万円）,060250000,ノルマルパラフィン (25) (t),0024001010,平成24年10月
…,06041300,出荷 販売 金額（百万円）,060250000,ノルマルパラフィン (25) (t),0024001111,平成24年11月
…,06041300,出荷 販売 金額（百万円）,060250000,ノルマルパラフィン (25) (t),0024001212,平成24年12月
…,06041300,出荷 販売 金額（百万円）,060260000,分解ガソリン (26) (t),0020000000,平成20年
…,06041300,出荷 販売 金額（百万円）,060260000,分解ガソリン (26) (t),0021000000,平成21年
…,06041300,出荷 販売 金額（百万円）,060260000,分解ガソリン (26) (t),0022000000,平成22年
…,06041300,出荷 販売 金額（百万円）,060260000,分解ガソリン (26) (t),0023000000,平成23年
…,06041300,出荷 販売 金額（百万円）,060260000,分解ガソリン (26) (t),0024000000,平成24年
…,06041300,出荷 販売 金額（百万円）,060260000,分解ガソリン (26) (t),0022010000,平成22年度
…,06041300,出荷 販売 金額（百万円）,060260000,分解ガソリン (26) (t),0023010000,平成23年度
…,06041300,出荷 販売 金額（百万円）,060260000,分解ガソリン (26) (t),0024000103,平成24年 1 ～ 3 月
…,06041300,出荷 販売 金額（百万円）,060260000,分解ガソリン (26) (t),0024000406,平成24年 4 ～ 6 月
…,06041300,出荷 販売 金額（百万円）,060260000,分解ガソリン (26) (t),0024000709,平成24年 7 ～ 9 月
…,06041300,出荷 販売 金額（百万円）,060260000,分解ガソリン (26) (t),0024001012,平成24年 10 ～ 12 月
…,06041300,出荷 販売 金額（百万円）,060260000,分解ガソリン (26) (t),0024000101,平成24年1月
…,06041300,出荷 販売 金額（百万円）,060260000,分解ガソリン (26) (t),0024000202,平成24年2月
…,06041300,出荷 販売 金額（百万円）,060260000,分解ガソリン (26) (t),0024000303,平成24年3月
…,06041300,出荷 販売 金額（百万円）,060260000,分解ガソリン (26) (t),0024000404,平成24年4月
…,06041300,出荷 販売 金額（百万円）,060260000,分解ガソリン (26) (t),0024000505,平成24年5月
…,06041300,出荷 販売 金額（百万円）,060260000,分解ガソリン (26) (t),0024000606,平成24年6月
…,06041300,出荷 販売 金額（百万円）,060260000,分解ガソリン (26) (t),0024000707,平成24年7月
…,06041300,出荷 販売 金額（百万円）,060260000,分解ガソリン (26) (t),0024000808,平成24年8月
…,06041300,出荷 販売 金額（百万円）,060260000,分解ガソリン (26) (t),0024000909,平成24年9月
…,06041300,出荷 販売 金額（百万円）,060260000,分解ガソリン (26) (t),0024001010,平成24年10月
…,06041300,出荷 販売 金額（百万円）,060260000,分解ガソリン (26) (t),0024001111,平成24年11月
…,06041300,出荷 販売 金額（百万円）,060260000,分解ガソリン (26) (t),0024001212,平成24年12月
46068,06041300,出荷 販売 金額（百万円）,060271000,エチルアルコール（95％換算） 計 (27～28) (kl),0020000000,平成20年
46160,06041300,出荷 販売 金額（百万円）,060271000,エチルアルコール（95％換算） 計 (27～28) (kl),0021000000,平成21年
44358.539,06041300,出荷 販売 金額（百万円）,060271000,エチルアルコール（95％換算） 計 (27～28) (kl),0022000000,平成22年
46260.642,06041300,出荷 販売 金額（百万円）,060271000,エチルアルコール（95％換算） 計 (27～28) (kl),0023000000,平成23年
48392.193,06041300,出荷 販売 金額（百万円）,060271000,エチルアルコール（95％換算） 計 (27～28) (kl),0024000000,平成24年
44478.346,06041300,出荷 販売 金額（百万円）,060271000,エチルアルコール（95％換算） 計 (27～28) (kl),0022010000,平成22年度
46671.755,06041300,出荷 販売 金額（百万円）,060271000,エチルアルコール（95％換算） 計 (27～28) (kl),0023010000,平成23年度
10858.572,06041300,出荷 販売 金額（百万円）,060271000,エチルアルコール（95％換算） 計 (27～28) (kl),0024000103,平成24年 1 ～ 3 月
12752.678,06041300,出荷 販売 金額（百万円）,060271000,エチルアルコール（95％換算） 計 (27～28) (kl),0024000406,平成24年 4 ～ 6 月
12391.885,06041300,出荷 販売 金額（百万円）,060271000,エチルアルコール（95％換算） 計 (27～28) (kl),0024000709,平成24年 7 ～ 9 月
12389.058,06041300,出荷 販売 金額（百万円）,060271000,エチルアルコール（95％換算） 計 (27～28) (kl),0024001012,平成24年 10 ～ 12 月
3555.523,06041300,出荷 販売 金額（百万円）,060271000,エチルアルコール（95％換算） 計 (27～28) (kl),0024000101,平成24年1月
3568.949,06041300,出荷 販売 金額（百万円）,060271000,エチルアルコール（95％換算） 計 (27～28) (kl),0024000202,平成24年2月
3734.1,06041300,出荷 販売 金額（百万円）,060271000,エチルアルコール（95％換算） 計 (27～28) (kl),0024000303,平成24年3月
4267.718,06041300,出荷 販売 金額（百万円）,060271000,エチルアルコール（95％換算） 計 (27～28) (kl),0024000404,平成24年4月
4167.394,06041300,出荷 販売 金額（百万円）,060271000,エチルアルコール（95％換算） 計 (27～28) (kl),0024000505,平成24年5月
4317.566,06041300,出荷 販売 金額（百万円）,060271000,エチルアルコール（95％換算） 計 (27～28) (kl),0024000606,平成24年6月
4493.437,06041300,出荷 販売 金額（百万円）,060271000,エチルアルコール（95％換算） 計 (27～28) (kl),0024000707,平成24年7月
3887.377,06041300,出荷 販売 金額（百万円）,060271000,エチルアルコール（95％換算） 計 (27～28) (kl),0024000808,平成24年8月
4011.071,06041300,出荷 販売 金額（百万円）,060271000,エチルアルコール（95％換算） 計 (27～28) (kl),0024000909,平成24年9月
4240.899,06041300,出荷 販売 金額（百万円）,060271000,エチルアルコール（95％換算） 計 (27～28) (kl),0024001010,平成24年10月
4239.746,06041300,出荷 販売 金額（百万円）,060271000,エチルアルコール（95％換算） 計 (27～28) (kl),0024001111,平成24年11月
3908.413,06041300,出荷 販売 金額（百万円）,060271000,エチルアルコール（95％換算） 計 (27～28) (kl),0024001212,平成24年12月
X,06041300,出荷 販売 金額（百万円）,060271100,エチルアルコール（95％換算） 発酵エチルアルコール（95％換算） (27) (kl),0020000000,平成20年
X,06041300,出荷 販売 金額（百万円）,060271100,エチルアルコール（95％換算） 発酵エチルアルコール（95％換算） (27) (kl),0021000000,平成21年
X,06041300,出荷 販売 金額（百万円）,060271100,エチルアルコール（95％換算） 発酵エチルアルコール（95％換算） (27) (kl),0022000000,平成22年
X,06041300,出荷 販売 金額（百万円）,060271100,エチルアルコール（95％換算） 発酵エチルアルコール（95％換算） (27) (kl),0023000000,平成23年
X,06041300,出荷 販売 金額（百万円）,060271100,エチルアルコール（95％換算） 発酵エチルアルコール（95％換算） (27) (kl),0024000000,平成24年
X,06041300,出荷 販売 金額（百万円）,060271100,エチルアルコール（95％換算） 発酵エチルアルコール（95％換算） (27) (kl),0022010000,平成22年度
X,06041300,出荷 販売 金額（百万円）,060271100,エチルアルコール（95％換算） 発酵エチルアルコール（95％換算） (27) (kl),0023010000,平成23年度
X,06041300,出荷 販売 金額（百万円）,060271100,エチルアルコール（95％換算） 発酵エチルアルコール（95％換算） (27) (kl),0024000103,平成24年 1 ～ 3 月
X,06041300,出荷 販売 金額（百万円）,060271100,エチルアルコール（95％換算） 発酵エチルアルコール（95％換算） (27) (kl),0024000406,平成24年 4 ～ 6 月
X,06041300,出荷 販売 金額（百万円）,060271100,エチルアルコール（95％換算） 発酵エチルアルコール（95％換算） (27) (kl),0024000709,平成24年 7 ～ 9 月
X,06041300,出荷 販売 金額（百万円）,060271100,エチルアルコール（95％換算） 発酵エチルアルコール（95％換算） (27) (kl),0024001012,平成24年 10 ～ 12 月
X,06041300,出荷 販売 金額（百万円）,060271100,エチルアルコール（95％換算） 発酵エチルアルコール（95％換算） (27) (kl),0024000101,平成24年1月
X,06041300,出荷 販売 金額（百万円）,060271100,エチルアルコール（95％換算） 発酵エチルアルコール（95％換算） (27) (kl),0024000202,平成24年2月
X,06041300,出荷 販売 金額（百万円）,060271100,エチルアルコール（95％換算） 発酵エチルアルコール（95％換算） (27) (kl),0024000303,平成24年3月
X,06041300,出荷 販売 金額（百万円）,060271100,エチルアルコール（95％換算） 発酵エチルアルコール（95％換算） (27) (kl),0024000404,平成24年4月
X,06041300,出荷 販売 金額（百万円）,060271100,エチルアルコール（95％換算） 発酵エチルアルコール（95％換算） (27) (kl),0024000505,平成24年5月
X,06041300,出荷 販売 金額（百万円）,060271100,エチルアルコール（95％換算） 発酵エチルアルコール（95％換算） (27) (kl),0024000606,平成24年6月
X,06041300,出荷 販売 金額（百万円）,060271100,エチルアルコール（95％換算） 発酵エチルアルコール（95％換算） (27) (kl),0024000707,平成24年7月
X,06041300,出荷 販売 金額（百万円）,060271100,エチルアルコール（95％換算） 発酵エチルアルコール（95％換算） (27) (kl),0024000808,平成24年8月
X,06041300,出荷 販売 金額（百万円）,060271100,エチルアルコール（95％換算） 発酵エチルアルコール（95％換算） (27) (kl),0024000909,平成24年9月
X,06041300,出荷 販売 金額（百万円）,060271100,エチルアルコール（95％換算） 発酵エチルアルコール（95％換算） (27) (kl),0024001010,平成24年10月
X,06041300,出荷 販売 金額（百万円）,060271100,エチルアルコール（95％換算） 発酵エチルアルコール（95％換算） (27) (kl),0024001111,平成24年11月
X,06041300,出荷 販売 金額（百万円）,060271100,エチルアルコール（95％換算） 発酵エチルアルコール（95％換算） (27) (kl),0024001212,平成24年12月
X,06041300,出荷 販売 金額（百万円）,060271200,エチルアルコール（95％換算） エチルアルコール（95％換算） (28) (kl),0020000000,平成20年
X,06041300,出荷 販売 金額（百万円）,060271200,エチルアルコール（95％換算） エチルアルコール（95％換算） (28) (kl),0021000000,平成21年
X,06041300,出荷 販売 金額（百万円）,060271200,エチルアルコール（95％換算） エチルアルコール（95％換算） (28) (kl),0022000000,平成22年
X,06041300,出荷 販売 金額（百万円）,060271200,エチルアルコール（95％換算） エチルアルコール（95％換算） (28) (kl),0023000000,平成23年
X,06041300,出荷 販売 金額（百万円）,060271200,エチルアルコール（95％換算） エチルアルコール（95％換算） (28) (kl),0024000000,平成24年
X,06041300,出荷 販売 金額（百万円）,060271200,エチルアルコール（95％換算） エチルアルコール（95％換算） (28) (kl),0022010000,平成22年度
X,06041300,出荷 販売 金額（百万円）,060271200,エチルアルコール（95％換算） エチルアルコール（95％換算） (28) (kl),0023010000,平成23年度
X,06041300,出荷 販売 金額（百万円）,060271200,エチルアルコール（95％換算） エチルアルコール（95％換算） (28) (kl),0024000103,平成24年 1 ～ 3 月
X,06041300,出荷 販売 金額（百万円）,060271200,エチルアルコール（95％換算） エチルアルコール（95％換算） (28) (kl),0024000406,平成24年 4 ～ 6 月
X,06041300,出荷 販売 金額（百万円）,060271200,エチルアルコール（95％換算） エチルアルコール（95％換算） (28) (kl),0024000709,平成24年 7 ～ 9 月
X,06041300,出荷 販売 金額（百万円）,060271200,エチルアルコール（95％換算） エチルアルコール（95％換算） (28) (kl),0024001012,平成24年 10 ～ 12 月
X,06041300,出荷 販売 金額（百万円）,060271200,エチルアルコール（95％換算） エチルアルコール（95％換算） (28) (kl),0024000101,平成24年1月
X,06041300,出荷 販売 金額（百万円）,060271200,エチルアルコール（95％換算） エチルアルコール（95％換算） (28) (kl),0024000202,平成24年2月
X,06041300,出荷 販売 金額（百万円）,060271200,エチルアルコール（95％換算） エチルアルコール（95％換算） (28) (kl),0024000303,平成24年3月
X,06041300,出荷 販売 金額（百万円）,060271200,エチルアルコール（95％換算） エチルアルコール（95％換算） (28) (kl),0024000404,平成24年4月
X,06041300,出荷 販売 金額（百万円）,060271200,エチルアルコール（95％換算） エチルアルコール（95％換算） (28) (kl),0024000505,平成24年5月
X,06041300,出荷 販売 金額（百万円）,060271200,エチルアルコール（95％換算） エチルアルコール（95％換算） (28) (kl),0024000606,平成24年6月
X,06041300,出荷 販売 金額（百万円）,060271200,エチルアルコール（95％換算） エチルアルコール（95％換算） (28) (kl),0024000707,平成24年7月
X,06041300,出荷 販売 金額（百万円）,060271200,エチルアルコール（95％換算） エチルアルコール（95％換算） (28) (kl),0024000808,平成24年8月
X,06041300,出荷 販売 金額（百万円）,060271200,エチルアルコール（95％換算） エチルアルコール（95％換算） (28) (kl),0024000909,平成24年9月
X,06041300,出荷 販売 金額（百万円）,060271200,エチルアルコール（95％換算） エチルアルコール（95％換算） (28) (kl),0024001010,平成24年10月
X,06041300,出荷 販売 金額（百万円）,060271200,エチルアルコール（95％換算） エチルアルコール（95％換算） (28) (kl),0024001111,平成24年11月
X,06041300,出荷 販売 金額（百万円）,060271200,エチルアルコール（95％換算） エチルアルコール（95％換算） (28) (kl),0024001212,平成24年12月
12663,06041300,出荷 販売 金額（百万円）,060280000,無水酢酸 (29) (t),0020000000,平成20年
9158,06041300,出荷 販売 金額（百万円）,060280000,無水酢酸 (29) (t),0021000000,平成21年
10344,06041300,出荷 販売 金額（百万円）,060280000,無水酢酸 (29) (t),0022000000,平成22年
X,06041300,出荷 販売 金額（百万円）,060280000,無水酢酸 (29) (t),0023000000,平成23年
X,06041300,出荷 販売 金額（百万円）,060280000,無水酢酸 (29) (t),0024000000,平成24年
X,06041300,出荷 販売 金額（百万円）,060280000,無水酢酸 (29) (t),0022010000,平成22年度
X,06041300,出荷 販売 金額（百万円）,060280000,無水酢酸 (29) (t),0023010000,平成23年度
X,06041300,出荷 販売 金額（百万円）,060280000,無水酢酸 (29) (t),0024000103,平成24年 1 ～ 3 月
X,06041300,出荷 販売 金額（百万円）,060280000,無水酢酸 (29) (t),0024000406,平成24年 4 ～ 6 月
X,06041300,出荷 販売 金額（百万円）,060280000,無水酢酸 (29) (t),0024000709,平成24年 7 ～ 9 月
X,06041300,出荷 販売 金額（百万円）,060280000,無水酢酸 (29) (t),0024001012,平成24年 10 ～ 12 月
X,06041300,出荷 販売 金額（百万円）,060280000,無水酢酸 (29) (t),0024000101,平成24年1月
X,06041300,出荷 販売 金額（百万円）,060280000,無水酢酸 (29) (t),0024000202,平成24年2月
X,06041300,出荷 販売 金額（百万円）,060280000,無水酢酸 (29) (t),0024000303,平成24年3月
X,06041300,出荷 販売 金額（百万円）,060280000,無水酢酸 (29) (t),0024000404,平成24年4月
X,06041300,出荷 販売 金額（百万円）,060280000,無水酢酸 (29) (t),0024000505,平成24年5月
X,06041300,出荷 販売 金額（百万円）,060280000,無水酢酸 (29) (t),0024000606,平成24年6月
X,06041300,出荷 販売 金額（百万円）,060280000,無水酢酸 (29) (t),0024000707,平成24年7月
X,06041300,出荷 販売 金額（百万円）,060280000,無水酢酸 (29) (t),0024000808,平成24年8月
X,06041300,出荷 販売 金額（百万円）,060280000,無水酢酸 (29) (t),0024000909,平成24年9月
X,06041300,出荷 販売 金額（百万円）,060280000,無水酢酸 (29) (t),0024001010,平成24年10月
X,06041300,出荷 販売 金額（百万円）,060280000,無水酢酸 (29) (t),0024001111,平成24年11月
X,06041300,出荷 販売 金額（百万円）,060280000,無水酢酸 (29) (t),0024001212,平成24年12月
11351,06041300,出荷 販売 金額（百万円）,060290000,トリクロルエチレン (30) (t),0020000000,平成20年
6995,06041300,出荷 販売 金額（百万円）,060290000,トリクロルエチレン (30) (t),0021000000,平成21年
7612,06041300,出荷 販売 金額（百万円）,060290000,トリクロルエチレン (30) (t),0022000000,平成22年
X,06041300,出荷 販売 金額（百万円）,060290000,トリクロルエチレン (30) (t),0023000000,平成23年
X,06041300,出荷 販売 金額（百万円）,060290000,トリクロルエチレン (30) (t),0024000000,平成24年
X,06041300,出荷 販売 金額（百万円）,060290000,トリクロルエチレン (30) (t),0022010000,平成22年度
X,06041300,出荷 販売 金額（百万円）,060290000,トリクロルエチレン (30) (t),0023010000,平成23年度
X,06041300,出荷 販売 金額（百万円）,060290000,トリクロルエチレン (30) (t),0024000103,平成24年 1 ～ 3 月
X,06041300,出荷 販売 金額（百万円）,060290000,トリクロルエチレン (30) (t),0024000406,平成24年 4 ～ 6 月
X,06041300,出荷 販売 金額（百万円）,060290000,トリクロルエチレン (30) (t),0024000709,平成24年 7 ～ 9 月
X,06041300,出荷 販売 金額（百万円）,060290000,トリクロルエチレン (30) (t),0024001012,平成24年 10 ～ 12 月
X,06041300,出荷 販売 金額（百万円）,060290000,トリクロルエチレン (30) (t),0024000101,平成24年1月
X,06041300,出荷 販売 金額（百万円）,060290000,トリクロルエチレン (30) (t),0024000202,平成24年2月
X,06041300,出荷 販売 金額（百万円）,060290000,トリクロルエチレン (30) (t),0024000303,平成24年3月
X,06041300,出荷 販売 金額（百万円）,060290000,トリクロルエチレン (30) (t),0024000404,平成24年4月
X,06041300,出荷 販売 金額（百万円）,060290000,トリクロルエチレン (30) (t),0024000505,平成24年5月
X,06041300,出荷 販売 金額（百万円）,060290000,トリクロルエチレン (30) (t),0024000606,平成24年6月
X,06041300,出荷 販売 金額（百万円）,060290000,トリクロルエチレン (30) (t),0024000707,平成24年7月
X,06041300,出荷 販売 金額（百万円）,060290000,トリクロルエチレン (30) (t),0024000808,平成24年8月
X,06041300,出荷 販売 金額（百万円）,060290000,トリクロルエチレン (30) (t),0024000909,平成24年9月
X,06041300,出荷 販売 金額（百万円）,060290000,トリクロルエチレン (30) (t),0024001010,平成24年10月
X,06041300,出荷 販売 金額（百万円）,060290000,トリクロルエチレン (30) (t),0024001111,平成24年11月
X,06041300,出荷 販売 金額（百万円）,060290000,トリクロルエチレン (30) (t),0024001212,平成24年12月
18085,06041300,出荷 販売 金額（百万円）,060300000,ホルマリン (31) (t),0020000000,平成20年
9642,06041300,出荷 販売 金額（百万円）,060300000,ホルマリン (31) (t),0021000000,平成21年
11401,06041300,出荷 販売 金額（百万円）,060300000,ホルマリン (31) (t),0022000000,平成22年
11491,06041300,出荷 販売 金額（百万円）,060300000,ホルマリン (31) (t),0023000000,平成23年
11611,06041300,出荷 販売 金額（百万円）,060300000,ホルマリン (31) (t),0024000000,平成24年
11455,06041300,出荷 販売 金額（百万円）,060300000,ホルマリン (31) (t),0022010000,平成22年度
11187,06041300,出荷 販売 金額（百万円）,060300000,ホルマリン (31) (t),0023010000,平成23年度
2644,06041300,出荷 販売 金額（百万円）,060300000,ホルマリン (31) (t),0024000103,平成24年 1 ～ 3 月
3171,06041300,出荷 販売 金額（百万円）,060300000,ホルマリン (31) (t),0024000406,平成24年 4 ～ 6 月
2992,06041300,出荷 販売 金額（百万円）,060300000,ホルマリン (31) (t),0024000709,平成24年 7 ～ 9 月
2804,06041300,出荷 販売 金額（百万円）,060300000,ホルマリン (31) (t),0024001012,平成24年 10 ～ 12 月
850,06041300,出荷 販売 金額（百万円）,060300000,ホルマリン (31) (t),0024000101,平成24年1月
850,06041300,出荷 販売 金額（百万円）,060300000,ホルマリン (31) (t),0024000202,平成24年2月
945,06041300,出荷 販売 金額（百万円）,060300000,ホルマリン (31) (t),0024000303,平成24年3月
995,06041300,出荷 販売 金額（百万円）,060300000,ホルマリン (31) (t),0024000404,平成24年4月
1099,06041300,出荷 販売 金額（百万円）,060300000,ホルマリン (31) (t),0024000505,平成24年5月
1077,06041300,出荷 販売 金額（百万円）,060300000,ホルマリン (31) (t),0024000606,平成24年6月
1109,06041300,出荷 販売 金額（百万円）,060300000,ホルマリン (31) (t),0024000707,平成24年7月
903,06041300,出荷 販売 金額（百万円）,060300000,ホルマリン (31) (t),0024000808,平成24年8月
980,06041300,出荷 販売 金額（百万円）,060300000,ホルマリン (31) (t),0024000909,平成24年9月
702,06041300,出荷 販売 金額（百万円）,060300000,ホルマリン (31) (t),0024001010,平成24年10月
1083,06041300,出荷 販売 金額（百万円）,060300000,ホルマリン (31) (t),0024001111,平成24年11月
1020,06041300,出荷 販売 金額（百万円）,060300000,ホルマリン (31) (t),0024001212,平成24年12月
3055,06041300,出荷 販売 金額（百万円）,060310000,塩化メチル (32) (t),0020000000,平成20年
2352,06041300,出荷 販売 金額（百万円）,060310000,塩化メチル (32) (t),0021000000,平成21年
3076,06041300,出荷 販売 金額（百万円）,060310000,塩化メチル (32) (t),0022000000,平成22年
2801,06041300,出荷 販売 金額（百万円）,060310000,塩化メチル (32) (t),0023000000,平成23年
2433,06041300,出荷 販売 金額（百万円）,060310000,塩化メチル (32) (t),0024000000,平成24年
3195,06041300,出荷 販売 金額（百万円）,060310000,塩化メチル (32) (t),0022010000,平成22年度
2710,06041300,出荷 販売 金額（百万円）,060310000,塩化メチル (32) (t),0023010000,平成23年度
740,06041300,出荷 販売 金額（百万円）,060310000,塩化メチル (32) (t),0024000103,平成24年 1 ～ 3 月
612,06041300,出荷 販売 金額（百万円）,060310000,塩化メチル (32) (t),0024000406,平成24年 4 ～ 6 月
543,06041300,出荷 販売 金額（百万円）,060310000,塩化メチル (32) (t),0024000709,平成24年 7 ～ 9 月
538,06041300,出荷 販売 金額（百万円）,060310000,塩化メチル (32) (t),0024001012,平成24年 10 ～ 12 月
249,06041300,出荷 販売 金額（百万円）,060310000,塩化メチル (32) (t),0024000101,平成24年1月
242,06041300,出荷 販売 金額（百万円）,060310000,塩化メチル (32) (t),0024000202,平成24年2月
249,06041300,出荷 販売 金額（百万円）,060310000,塩化メチル (32) (t),0024000303,平成24年3月
193,06041300,出荷 販売 金額（百万円）,060310000,塩化メチル (32) (t),0024000404,平成24年4月
210,06041300,出荷 販売 金額（百万円）,060310000,塩化メチル (32) (t),0024000505,平成24年5月
209,06041300,出荷 販売 金額（百万円）,060310000,塩化メチル (32) (t),0024000606,平成24年6月
189,06041300,出荷 販売 金額（百万円）,060310000,塩化メチル (32) (t),0024000707,平成24年7月
190,06041300,出荷 販売 金額（百万円）,060310000,塩化メチル (32) (t),0024000808,平成24年8月
164,06041300,出荷 販売 金額（百万円）,060310000,塩化メチル (32) (t),0024000909,平成24年9月
179,06041300,出荷 販売 金額（百万円）,060310000,塩化メチル (32) (t),0024001010,平成24年10月
184,06041300,出荷 販売 金額（百万円）,060310000,塩化メチル (32) (t),0024001111,平成24年11月
175,06041300,出荷 販売 金額（百万円）,060310000,塩化メチル (32) (t),0024001212,平成24年12月
10369,06041300,出荷 販売 金額（百万円）,060320000,塩化メチレン (33) (t),0020000000,平成20年
5768,06041300,出荷 販売 金額（百万円）,060320000,塩化メチレン (33) (t),0021000000,平成21年
5983,06041300,出荷 販売 金額（百万円）,060320000,塩化メチレン (33) (t),0022000000,平成22年
7249,06041300,出荷 販売 金額（百万円）,060320000,塩化メチレン (33) (t),0023000000,平成23年
6326,06041300,出荷 販売 金額（百万円）,060320000,塩化メチレン (33) (t),0024000000,平成24年
6542,06041300,出荷 販売 金額（百万円）,060320000,塩化メチレン (33) (t),0022010000,平成22年度
7155,06041300,出荷 販売 金額（百万円）,060320000,塩化メチレン (33) (t),0023010000,平成23年度
1843,06041300,出荷 販売 金額（百万円）,060320000,塩化メチレン (33) (t),0024000103,平成24年 1 ～ 3 月
1704,06041300,出荷 販売 金額（百万円）,060320000,塩化メチレン (33) (t),0024000406,平成24年 4 ～ 6 月
1582,06041300,出荷 販売 金額（百万円）,060320000,塩化メチレン (33) (t),0024000709,平成24年 7 ～ 9 月
1197,06041300,出荷 販売 金額（百万円）,060320000,塩化メチレン (33) (t),0024001012,平成24年 10 ～ 12 月
614,06041300,出荷 販売 金額（百万円）,060320000,塩化メチレン (33) (t),0024000101,平成24年1月
630,06041300,出荷 販売 金額（百万円）,060320000,塩化メチレン (33) (t),0024000202,平成24年2月
599,06041300,出荷 販売 金額（百万円）,060320000,塩化メチレン (33) (t),0024000303,平成24年3月
649,06041300,出荷 販売 金額（百万円）,060320000,塩化メチレン (33) (t),0024000404,平成24年4月
579,06041300,出荷 販売 金額（百万円）,060320000,塩化メチレン (33) (t),0024000505,平成24年5月
475,06041300,出荷 販売 金額（百万円）,060320000,塩化メチレン (33) (t),0024000606,平成24年6月
546,06041300,出荷 販売 金額（百万円）,060320000,塩化メチレン (33) (t),0024000707,平成24年7月
548,06041300,出荷 販売 金額（百万円）,060320000,塩化メチレン (33) (t),0024000808,平成24年8月
488,06041300,出荷 販売 金額（百万円）,060320000,塩化メチレン (33) (t),0024000909,平成24年9月
302,06041300,出荷 販売 金額（百万円）,060320000,塩化メチレン (33) (t),0024001010,平成24年10月
491,06041300,出荷 販売 金額（百万円）,060320000,塩化メチレン (33) (t),0024001111,平成24年11月
405,06041300,出荷 販売 金額（百万円）,060320000,塩化メチレン (33) (t),0024001212,平成24年12月
8868,06041300,出荷 販売 金額（百万円）,060330000,無水マレイン酸 (34) (t),0020000000,平成20年
6528,06041300,出荷 販売 金額（百万円）,060330000,無水マレイン酸 (34) (t),0021000000,平成21年
7418,06041300,出荷 販売 金額（百万円）,060330000,無水マレイン酸 (34) (t),0022000000,平成22年
7642,06041300,出荷 販売 金額（百万円）,060330000,無水マレイン酸 (34) (t),0023000000,平成23年
6715,06041300,出荷 販売 金額（百万円）,060330000,無水マレイン酸 (34) (t),0024000000,平成24年
7434,06041300,出荷 販売 金額（百万円）,060330000,無水マレイン酸 (34) (t),0022010000,平成22年度
7614,06041300,出荷 販売 金額（百万円）,060330000,無水マレイン酸 (34) (t),0023010000,平成23年度
1977,06041300,出荷 販売 金額（百万円）,060330000,無水マレイン酸 (34) (t),0024000103,平成24年 1 ～ 3 月
1718,06041300,出荷 販売 金額（百万円）,060330000,無水マレイン酸 (34) (t),0024000406,平成24年 4 ～ 6 月
1724,06041300,出荷 販売 金額（百万円）,060330000,無水マレイン酸 (34) (t),0024000709,平成24年 7 ～ 9 月
1296,06041300,出荷 販売 金額（百万円）,060330000,無水マレイン酸 (34) (t),0024001012,平成24年 10 ～ 12 月
639,06041300,出荷 販売 金額（百万円）,060330000,無水マレイン酸 (34) (t),0024000101,平成24年1月
648,06041300,出荷 販売 金額（百万円）,060330000,無水マレイン酸 (34) (t),0024000202,平成24年2月
690,06041300,出荷 販売 金額（百万円）,060330000,無水マレイン酸 (34) (t),0024000303,平成24年3月
631,06041300,出荷 販売 金額（百万円）,060330000,無水マレイン酸 (34) (t),0024000404,平成24年4月
573,06041300,出荷 販売 金額（百万円）,060330000,無水マレイン酸 (34) (t),0024000505,平成24年5月
514,06041300,出荷 販売 金額（百万円）,060330000,無水マレイン酸 (34) (t),0024000606,平成24年6月
578,06041300,出荷 販売 金額（百万円）,060330000,無水マレイン酸 (34) (t),0024000707,平成24年7月
502,06041300,出荷 販売 金額（百万円）,060330000,無水マレイン酸 (34) (t),0024000808,平成24年8月
645,06041300,出荷 販売 金額（百万円）,060330000,無水マレイン酸 (34) (t),0024000909,平成24年9月
462,06041300,出荷 販売 金額（百万円）,060330000,無水マレイン酸 (34) (t),0024001010,平成24年10月
457,06041300,出荷 販売 金額（百万円）,060330000,無水マレイン酸 (34) (t),0024001111,平成24年11月
378,06041300,出荷 販売 金額（百万円）,060330000,無水マレイン酸 (34) (t),0024001212,平成24年12月
15222,06041300,出荷 販売 金額（百万円）,060340000,メラミン (35) (t),0020000000,平成20年
13251,06041300,出荷 販売 金額（百万円）,060340000,メラミン (35) (t),0021000000,平成21年
14132,06041300,出荷 販売 金額（百万円）,060340000,メラミン (35) (t),0022000000,平成22年
X,06041300,出荷 販売 金額（百万円）,060340000,メラミン (35) (t),0023000000,平成23年
X,06041300,出荷 販売 金額（百万円）,060340000,メラミン (35) (t),0024000000,平成24年
X,06041300,出荷 販売 金額（百万円）,060340000,メラミン (35) (t),0022010000,平成22年度
X,06041300,出荷 販売 金額（百万円）,060340000,メラミン (35) (t),0023010000,平成23年度
X,06041300,出荷 販売 金額（百万円）,060340000,メラミン (35) (t),0024000103,平成24年 1 ～ 3 月
X,06041300,出荷 販売 金額（百万円）,060340000,メラミン (35) (t),0024000406,平成24年 4 ～ 6 月
X,06041300,出荷 販売 金額（百万円）,060340000,メラミン (35) (t),0024000709,平成24年 7 ～ 9 月
X,06041300,出荷 販売 金額（百万円）,060340000,メラミン (35) (t),0024001012,平成24年 10 ～ 12 月
X,06041300,出荷 販売 金額（百万円）,060340000,メラミン (35) (t),0024000101,平成24年1月
X,06041300,出荷 販売 金額（百万円）,060340000,メラミン (35) (t),0024000202,平成24年2月
X,06041300,出荷 販売 金額（百万円）,060340000,メラミン (35) (t),0024000303,平成24年3月
X,06041300,出荷 販売 金額（百万円）,060340000,メラミン (35) (t),0024000404,平成24年4月
X,06041300,出荷 販売 金額（百万円）,060340000,メラミン (35) (t),0024000505,平成24年5月
X,06041300,出荷 販売 金額（百万円）,060340000,メラミン (35) (t),0024000606,平成24年6月
X,06041300,出荷 販売 金額（百万円）,060340000,メラミン (35) (t),0024000707,平成24年7月
X,06041300,出荷 販売 金額（百万円）,060340000,メラミン (35) (t),0024000808,平成24年8月
X,06041300,出荷 販売 金額（百万円）,060340000,メラミン (35) (t),0024000909,平成24年9月
X,06041300,出荷 販売 金額（百万円）,060340000,メラミン (35) (t),0024001010,平成24年10月
X,06041300,出荷 販売 金額（百万円）,060340000,メラミン (35) (t),0024001111,平成24年11月
X,06041300,出荷 販売 金額（百万円）,060340000,メラミン (35) (t),0024001212,平成24年12月
43962,06041300,出荷 販売 金額（百万円）,060351000,可塑剤 フタル酸系可塑剤 (36) (t),0020000000,平成20年
30263,06041300,出荷 販売 金額（百万円）,060351000,可塑剤 フタル酸系可塑剤 (36) (t),0021000000,平成21年
37645,06041300,出荷 販売 金額（百万円）,060351000,可塑剤 フタル酸系可塑剤 (36) (t),0022000000,平成22年
36009,06041300,出荷 販売 金額（百万円）,060351000,可塑剤 フタル酸系可塑剤 (36) (t),0023000000,平成23年
36590,06041300,出荷 販売 金額（百万円）,060351000,可塑剤 フタル酸系可塑剤 (36) (t),0024000000,平成24年
38659,06041300,出荷 販売 金額（百万円）,060351000,可塑剤 フタル酸系可塑剤 (36) (t),0022010000,平成22年度
35533,06041300,出荷 販売 金額（百万円）,060351000,可塑剤 フタル酸系可塑剤 (36) (t),0023010000,平成23年度
9428,06041300,出荷 販売 金額（百万円）,060351000,可塑剤 フタル酸系可塑剤 (36) (t),0024000103,平成24年 1 ～ 3 月
9272,06041300,出荷 販売 金額（百万円）,060351000,可塑剤 フタル酸系可塑剤 (36) (t),0024000406,平成24年 4 ～ 6 月
9024,06041300,出荷 販売 金額（百万円）,060351000,可塑剤 フタル酸系可塑剤 (36) (t),0024000709,平成24年 7 ～ 9 月
8866,06041300,出荷 販売 金額（百万円）,060351000,可塑剤 フタル酸系可塑剤 (36) (t),0024001012,平成24年 10 ～ 12 月
2878,06041300,出荷 販売 金額（百万円）,060351000,可塑剤 フタル酸系可塑剤 (36) (t),0024000101,平成24年1月
3130,06041300,出荷 販売 金額（百万円）,060351000,可塑剤 フタル酸系可塑剤 (36) (t),0024000202,平成24年2月
3420,06041300,出荷 販売 金額（百万円）,060351000,可塑剤 フタル酸系可塑剤 (36) (t),0024000303,平成24年3月
3461,06041300,出荷 販売 金額（百万円）,060351000,可塑剤 フタル酸系可塑剤 (36) (t),0024000404,平成24年4月
2912,06041300,出荷 販売 金額（百万円）,060351000,可塑剤 フタル酸系可塑剤 (36) (t),0024000505,平成24年5月
2899,06041300,出荷 販売 金額（百万円）,060351000,可塑剤 フタル酸系可塑剤 (36) (t),0024000606,平成24年6月
3271,06041300,出荷 販売 金額（百万円）,060351000,可塑剤 フタル酸系可塑剤 (36) (t),0024000707,平成24年7月
2555,06041300,出荷 販売 金額（百万円）,060351000,可塑剤 フタル酸系可塑剤 (36) (t),0024000808,平成24年8月
3198,06041300,出荷 販売 金額（百万円）,060351000,可塑剤 フタル酸系可塑剤 (36) (t),0024000909,平成24年9月
3274,06041300,出荷 販売 金額（百万円）,060351000,可塑剤 フタル酸系可塑剤 (36) (t),0024001010,平成24年10月
3220,06041300,出荷 販売 金額（百万円）,060351000,可塑剤 フタル酸系可塑剤 (36) (t),0024001111,平成24年11月
2372,06041300,出荷 販売 金額（百万円）,060351000,可塑剤 フタル酸系可塑剤 (36) (t),0024001212,平成24年12月
9998,06041300,出荷 販売 金額（百万円）,060352000,可塑剤 りん酸系可塑剤 (37) (t),0020000000,平成20年
14891,06041300,出荷 販売 金額（百万円）,060352000,可塑剤 りん酸系可塑剤 (37) (t),0021000000,平成21年
18236,06041300,出荷 販売 金額（百万円）,060352000,可塑剤 りん酸系可塑剤 (37) (t),0022000000,平成22年
15599,06041300,出荷 販売 金額（百万円）,060352000,可塑剤 りん酸系可塑剤 (37) (t),0023000000,平成23年
13588,06041300,出荷 販売 金額（百万円）,060352000,可塑剤 りん酸系可塑剤 (37) (t),0024000000,平成24年
17864,06041300,出荷 販売 金額（百万円）,060352000,可塑剤 りん酸系可塑剤 (37) (t),0022010000,平成22年度
14878,06041300,出荷 販売 金額（百万円）,060352000,可塑剤 りん酸系可塑剤 (37) (t),0023010000,平成23年度
3543,06041300,出荷 販売 金額（百万円）,060352000,可塑剤 りん酸系可塑剤 (37) (t),0024000103,平成24年 1 ～ 3 月
4024,06041300,出荷 販売 金額（百万円）,060352000,可塑剤 りん酸系可塑剤 (37) (t),0024000406,平成24年 4 ～ 6 月
3084,06041300,出荷 販売 金額（百万円）,060352000,可塑剤 りん酸系可塑剤 (37) (t),0024000709,平成24年 7 ～ 9 月
2937,06041300,出荷 販売 金額（百万円）,060352000,可塑剤 りん酸系可塑剤 (37) (t),0024001012,平成24年 10 ～ 12 月
956,06041300,出荷 販売 金額（百万円）,060352000,可塑剤 りん酸系可塑剤 (37) (t),0024000101,平成24年1月
1249,06041300,出荷 販売 金額（百万円）,060352000,可塑剤 りん酸系可塑剤 (37) (t),0024000202,平成24年2月
1338,06041300,出荷 販売 金額（百万円）,060352000,可塑剤 りん酸系可塑剤 (37) (t),0024000303,平成24年3月
1399,06041300,出荷 販売 金額（百万円）,060352000,可塑剤 りん酸系可塑剤 (37) (t),0024000404,平成24年4月
1338,06041300,出荷 販売 金額（百万円）,060352000,可塑剤 りん酸系可塑剤 (37) (t),0024000505,平成24年5月
1287,06041300,出荷 販売 金額（百万円）,060352000,可塑剤 りん酸系可塑剤 (37) (t),0024000606,平成24年6月
1060,06041300,出荷 販売 金額（百万円）,060352000,可塑剤 りん酸系可塑剤 (37) (t),0024000707,平成24年7月
1102,06041300,出荷 販売 金額（百万円）,060352000,可塑剤 りん酸系可塑剤 (37) (t),0024000808,平成24年8月
922,06041300,出荷 販売 金額（百万円）,060352000,可塑剤 りん酸系可塑剤 (37) (t),0024000909,平成24年9月
1057,06041300,出荷 販売 金額（百万円）,060352000,可塑剤 りん酸系可塑剤 (37) (t),0024001010,平成24年10月
921,06041300,出荷 販売 金額（百万円）,060352000,可塑剤 りん酸系可塑剤 (37) (t),0024001111,平成24年11月
958,06041300,出荷 販売 金額（百万円）,060352000,可塑剤 りん酸系可塑剤 (37) (t),0024001212,平成24年12月
2604,06041300,出荷 販売 金額（百万円）,060353000,可塑剤 エポキシ系可塑剤 (38) (t),0020000000,平成20年
2401,06041300,出荷 販売 金額（百万円）,060353000,可塑剤 エポキシ系可塑剤 (38) (t),0021000000,平成21年
2640,06041300,出荷 販売 金額（百万円）,060353000,可塑剤 エポキシ系可塑剤 (38) (t),0022000000,平成22年
2790,06041300,出荷 販売 金額（百万円）,060353000,可塑剤 エポキシ系可塑剤 (38) (t),0023000000,平成23年
2799,06041300,出荷 販売 金額（百万円）,060353000,可塑剤 エポキシ系可塑剤 (38) (t),0024000000,平成24年
2609,06041300,出荷 販売 金額（百万円）,060353000,可塑剤 エポキシ系可塑剤 (38) (t),0022010000,平成22年度
2864,06041300,出荷 販売 金額（百万円）,060353000,可塑剤 エポキシ系可塑剤 (38) (t),0023010000,平成23年度
693,06041300,出荷 販売 金額（百万円）,060353000,可塑剤 エポキシ系可塑剤 (38) (t),0024000103,平成24年 1 ～ 3 月
708,06041300,出荷 販売 金額（百万円）,060353000,可塑剤 エポキシ系可塑剤 (38) (t),0024000406,平成24年 4 ～ 6 月
658,06041300,出荷 販売 金額（百万円）,060353000,可塑剤 エポキシ系可塑剤 (38) (t),0024000709,平成24年 7 ～ 9 月
741,06041300,出荷 販売 金額（百万円）,060353000,可塑剤 エポキシ系可塑剤 (38) (t),0024001012,平成24年 10 ～ 12 月
250,06041300,出荷 販売 金額（百万円）,060353000,可塑剤 エポキシ系可塑剤 (38) (t),0024000101,平成24年1月
245,06041300,出荷 販売 金額（百万円）,060353000,可塑剤 エポキシ系可塑剤 (38) (t),0024000202,平成24年2月
198,06041300,出荷 販売 金額（百万円）,060353000,可塑剤 エポキシ系可塑剤 (38) (t),0024000303,平成24年3月
253,06041300,出荷 販売 金額（百万円）,060353000,可塑剤 エポキシ系可塑剤 (38) (t),0024000404,平成24年4月
217,06041300,出荷 販売 金額（百万円）,060353000,可塑剤 エポキシ系可塑剤 (38) (t),0024000505,平成24年5月
237,06041300,出荷 販売 金額（百万円）,060353000,可塑剤 エポキシ系可塑剤 (38) (t),0024000606,平成24年6月
241,06041300,出荷 販売 金額（百万円）,060353000,可塑剤 エポキシ系可塑剤 (38) (t),0024000707,平成24年7月
194,06041300,出荷 販売 金額（百万円）,060353000,可塑剤 エポキシ系可塑剤 (38) (t),0024000808,平成24年8月
223,06041300,出荷 販売 金額（百万円）,060353000,可塑剤 エポキシ系可塑剤 (38) (t),0024000909,平成24年9月
273,06041300,出荷 販売 金額（百万円）,060353000,可塑剤 エポキシ系可塑剤 (38) (t),0024001010,平成24年10月
249,06041300,出荷 販売 金額（百万円）,060353000,可塑剤 エポキシ系可塑剤 (38) (t),0024001111,平成24年11月
219,06041300,出荷 販売 金額（百万円）,060353000,可塑剤 エポキシ系可塑剤 (38) (t),0024001212,平成24年12月
1327761,06049000,出荷 その他,060010000,エチレン (1) (t),0020000000,平成20年
1321691,06049000,出荷 その他,060010000,エチレン (1) (t),0021000000,平成21年
1296482,06049000,出荷 その他,060010000,エチレン (1) (t),0022000000,平成22年
1611794,06049000,出荷 その他,060010000,エチレン (1) (t),0023000000,平成23年
1324281,06049000,出荷 その他,060010000,エチレン (1) (t),0024000000,平成24年
1282602,06049000,出荷 その他,060010000,エチレン (1) (t),0022010000,平成22年度
1536512,06049000,出荷 その他,060010000,エチレン (1) (t),0023010000,平成23年度
273419,06049000,出荷 その他,060010000,エチレン (1) (t),0024000103,平成24年 1 ～ 3 月
332944,06049000,出荷 その他,060010000,エチレン (1) (t),0024000406,平成24年 4 ～ 6 月
364633,06049000,出荷 その他,060010000,エチレン (1) (t),0024000709,平成24年 7 ～ 9 月
353285,06049000,出荷 その他,060010000,エチレン (1) (t),0024001012,平成24年 10 ～ 12 月
111095,06049000,出荷 その他,060010000,エチレン (1) (t),0024000101,平成24年1月
87361,06049000,出荷 その他,060010000,エチレン (1) (t),0024000202,平成24年2月
74963,06049000,出荷 その他,060010000,エチレン (1) (t),0024000303,平成24年3月
97284,06049000,出荷 その他,060010000,エチレン (1) (t),0024000404,平成24年4月
122183,06049000,出荷 その他,060010000,エチレン (1) (t),0024000505,平成24年5月
113477,06049000,出荷 その他,060010000,エチレン (1) (t),0024000606,平成24年6月
116226,06049000,出荷 その他,060010000,エチレン (1) (t),0024000707,平成24年7月
133244,06049000,出荷 その他,060010000,エチレン (1) (t),0024000808,平成24年8月
115163,06049000,出荷 その他,060010000,エチレン (1) (t),0024000909,平成24年9月
111030,06049000,出荷 その他,060010000,エチレン (1) (t),0024001010,平成24年10月
120523,06049000,出荷 その他,060010000,エチレン (1) (t),0024001111,平成24年11月
121732,06049000,出荷 その他,060010000,エチレン (1) (t),0024001212,平成24年12月
33267,06049000,出荷 その他,060020000,酸化エチレン (2) (t),0020000000,平成20年
27793,06049000,出荷 その他,060020000,酸化エチレン (2) (t),0021000000,平成21年
28064,06049000,出荷 その他,060020000,酸化エチレン (2) (t),0022000000,平成22年
3077,06049000,出荷 その他,060020000,酸化エチレン (2) (t),0023000000,平成23年
-,06049000,出荷 その他,060020000,酸化エチレン (2) (t),0024000000,平成24年
23305,06049000,出荷 その他,060020000,酸化エチレン (2) (t),0022010000,平成22年度
148,06049000,出荷 その他,060020000,酸化エチレン (2) (t),0023010000,平成23年度
-,06049000,出荷 その他,060020000,酸化エチレン (2) (t),0024000103,平成24年 1 ～ 3 月
-,06049000,出荷 その他,060020000,酸化エチレン (2) (t),0024000406,平成24年 4 ～ 6 月
-,06049000,出荷 その他,060020000,酸化エチレン (2) (t),0024000709,平成24年 7 ～ 9 月
-,06049000,出荷 その他,060020000,酸化エチレン (2) (t),0024001012,平成24年 10 ～ 12 月
-,06049000,出荷 その他,060020000,酸化エチレン (2) (t),0024000101,平成24年1月
-,06049000,出荷 その他,060020000,酸化エチレン (2) (t),0024000202,平成24年2月
-,06049000,出荷 その他,060020000,酸化エチレン (2) (t),0024000303,平成24年3月
-,06049000,出荷 その他,060020000,酸化エチレン (2) (t),0024000404,平成24年4月
-,06049000,出荷 その他,060020000,酸化エチレン (2) (t),0024000505,平成24年5月
-,06049000,出荷 その他,060020000,酸化エチレン (2) (t),0024000606,平成24年6月
-,06049000,出荷 その他,060020000,酸化エチレン (2) (t),0024000707,平成24年7月
-,06049000,出荷 その他,060020000,酸化エチレン (2) (t),0024000808,平成24年8月
-,06049000,出荷 その他,060020000,酸化エチレン (2) (t),0024000909,平成24年9月
-,06049000,出荷 その他,060020000,酸化エチレン (2) (t),0024001010,平成24年10月
-,06049000,出荷 その他,060020000,酸化エチレン (2) (t),0024001111,平成24年11月
-,06049000,出荷 その他,060020000,酸化エチレン (2) (t),0024001212,平成24年12月
105908,06049000,出荷 その他,060030000,エチレングリコール (3) (t),0020000000,平成20年
74784,06049000,出荷 その他,060030000,エチレングリコール (3) (t),0021000000,平成21年
83704,06049000,出荷 その他,060030000,エチレングリコール (3) (t),0022000000,平成22年
46804,06049000,出荷 その他,060030000,エチレングリコール (3) (t),0023000000,平成23年
30374,06049000,出荷 その他,060030000,エチレングリコール (3) (t),0024000000,平成24年
68869,06049000,出荷 その他,060030000,エチレングリコール (3) (t),0022010000,平成22年度
47137,06049000,出荷 その他,060030000,エチレングリコール (3) (t),0023010000,平成23年度
6448,06049000,出荷 その他,060030000,エチレングリコール (3) (t),0024000103,平成24年 1 ～ 3 月
2277,06049000,出荷 その他,060030000,エチレングリコール (3) (t),0024000406,平成24年 4 ～ 6 月
10171,06049000,出荷 その他,060030000,エチレングリコール (3) (t),0024000709,平成24年 7 ～ 9 月
11478,06049000,出荷 その他,060030000,エチレングリコール (3) (t),0024001012,平成24年 10 ～ 12 月
1706,06049000,出荷 その他,060030000,エチレングリコール (3) (t),0024000101,平成24年1月
3354,06049000,出荷 その他,060030000,エチレングリコール (3) (t),0024000202,平成24年2月
1388,06049000,出荷 その他,060030000,エチレングリコール (3) (t),0024000303,平成24年3月
1215,06049000,出荷 その他,060030000,エチレングリコール (3) (t),0024000404,平成24年4月
532,06049000,出荷 その他,060030000,エチレングリコール (3) (t),0024000505,平成24年5月
530,06049000,出荷 その他,060030000,エチレングリコール (3) (t),0024000606,平成24年6月
4684,06049000,出荷 その他,060030000,エチレングリコール (3) (t),0024000707,平成24年7月
3626,06049000,出荷 その他,060030000,エチレングリコール (3) (t),0024000808,平成24年8月
1861,06049000,出荷 その他,060030000,エチレングリコール (3) (t),0024000909,平成24年9月
4208,06049000,出荷 その他,060030000,エチレングリコール (3) (t),0024001010,平成24年10月
4445,06049000,出荷 その他,060030000,エチレングリコール (3) (t),0024001111,平成24年11月
2825,06049000,出荷 その他,060030000,エチレングリコール (3) (t),0024001212,平成24年12月
43077,06049000,出荷 その他,060040000,エチレングリコールエーテル (4) (t),0020000000,平成20年
33304,06049000,出荷 その他,060040000,エチレングリコールエーテル (4) (t),0021000000,平成21年
27274,06049000,出荷 その他,060040000,エチレングリコールエーテル (4) (t),0022000000,平成22年
6009,06049000,出荷 その他,060040000,エチレングリコールエーテル (4) (t),0023000000,平成23年
1517,06049000,出荷 その他,060040000,エチレングリコールエーテル (4) (t),0024000000,平成24年
21850,06049000,出荷 その他,060040000,エチレングリコールエーテル (4) (t),0022010000,平成22年度
1598,06049000,出荷 その他,060040000,エチレングリコールエーテル (4) (t),0023010000,平成23年度
397,06049000,出荷 その他,060040000,エチレングリコールエーテル (4) (t),0024000103,平成24年 1 ～ 3 月
412,06049000,出荷 その他,060040000,エチレングリコールエーテル (4) (t),0024000406,平成24年 4 ～ 6 月
168,06049000,出荷 その他,060040000,エチレングリコールエーテル (4) (t),0024000709,平成24年 7 ～ 9 月
540,06049000,出荷 その他,060040000,エチレングリコールエーテル (4) (t),0024001012,平成24年 10 ～ 12 月
112,06049000,出荷 その他,060040000,エチレングリコールエーテル (4) (t),0024000101,平成24年1月
156,06049000,出荷 その他,060040000,エチレングリコールエーテル (4) (t),0024000202,平成24年2月
129,06049000,出荷 その他,060040000,エチレングリコールエーテル (4) (t),0024000303,平成24年3月
98,06049000,出荷 その他,060040000,エチレングリコールエーテル (4) (t),0024000404,平成24年4月
217,06049000,出荷 その他,060040000,エチレングリコールエーテル (4) (t),0024000505,平成24年5月
97,06049000,出荷 その他,060040000,エチレングリコールエーテル (4) (t),0024000606,平成24年6月
2,06049000,出荷 その他,060040000,エチレングリコールエーテル (4) (t),0024000707,平成24年7月
37,06049000,出荷 その他,060040000,エチレングリコールエーテル (4) (t),0024000808,平成24年8月
129,06049000,出荷 その他,060040000,エチレングリコールエーテル (4) (t),0024000909,平成24年9月
227,06049000,出荷 その他,060040000,エチレングリコールエーテル (4) (t),0024001010,平成24年10月
215,06049000,出荷 その他,060040000,エチレングリコールエーテル (4) (t),0024001111,平成24年11月
98,06049000,出荷 その他,060040000,エチレングリコールエーテル (4) (t),0024001212,平成24年12月
10819,06049000,出荷 その他,060050000,アセトアルデヒド (5) (t),0020000000,平成20年
3119,06049000,出荷 その他,060050000,アセトアルデヒド (5) (t),0021000000,平成21年
7508,06049000,出荷 その他,060050000,アセトアルデヒド (5) (t),0022000000,平成22年
-,06049000,出荷 その他,060050000,アセトアルデヒド (5) (t),0023000000,平成23年
-,06049000,出荷 その他,060050000,アセトアルデヒド (5) (t),0024000000,平成24年
2986,06049000,出荷 その他,060050000,アセトアルデヒド (5) (t),0022010000,平成22年度
-,06049000,出荷 その他,060050000,アセトアルデヒド (5) (t),0023010000,平成23年度
-,06049000,出荷 その他,060050000,アセトアルデヒド (5) (t),0024000103,平成24年 1 ～ 3 月
-,06049000,出荷 その他,060050000,アセトアルデヒド (5) (t),0024000406,平成24年 4 ～ 6 月
-,06049000,出荷 その他,060050000,アセトアルデヒド (5) (t),0024000709,平成24年 7 ～ 9 月
-,06049000,出荷 その他,060050000,アセトアルデヒド (5) (t),0024001012,平成24年 10 ～ 12 月
-,06049000,出荷 その他,060050000,アセトアルデヒド (5) (t),0024000101,平成24年1月
-,06049000,出荷 その他,060050000,アセトアルデヒド (5) (t),0024000202,平成24年2月
-,06049000,出荷 その他,060050000,アセトアルデヒド (5) (t),0024000303,平成24年3月
-,06049000,出荷 その他,060050000,アセトアルデヒド (5) (t),0024000404,平成24年4月
-,06049000,出荷 その他,060050000,アセトアルデヒド (5) (t),0024000505,平成24年5月
-,06049000,出荷 その他,060050000,アセトアルデヒド (5) (t),0024000606,平成24年6月
-,06049000,出荷 その他,060050000,アセトアルデヒド (5) (t),0024000707,平成24年7月
-,06049000,出荷 その他,060050000,アセトアルデヒド (5) (t),0024000808,平成24年8月
-,06049000,出荷 その他,060050000,アセトアルデヒド (5) (t),0024000909,平成24年9月
-,06049000,出荷 その他,060050000,アセトアルデヒド (5) (t),0024001010,平成24年10月
-,06049000,出荷 その他,060050000,アセトアルデヒド (5) (t),0024001111,平成24年11月
-,06049000,出荷 その他,060050000,アセトアルデヒド (5) (t),0024001212,平成24年12月
-,06049000,出荷 その他,060060000,酢酸（99%換算） (6) (t),0020000000,平成20年
1565,06049000,出荷 その他,060060000,酢酸（99%換算） (6) (t),0021000000,平成21年
-,06049000,出荷 その他,060060000,酢酸（99%換算） (6) (t),0022000000,平成22年
-,06049000,出荷 その他,060060000,酢酸（99%換算） (6) (t),0023000000,平成23年
-,06049000,出荷 その他,060060000,酢酸（99%換算） (6) (t),0024000000,平成24年
-,06049000,出荷 その他,060060000,酢酸（99%換算） (6) (t),0022010000,平成22年度
-,06049000,出荷 その他,060060000,酢酸（99%換算） (6) (t),0023010000,平成23年度
-,06049000,出荷 その他,060060000,酢酸（99%換算） (6) (t),0024000103,平成24年 1 ～ 3 月
-,06049000,出荷 その他,060060000,酢酸（99%換算） (6) (t),0024000406,平成24年 4 ～ 6 月
-,06049000,出荷 その他,060060000,酢酸（99%換算） (6) (t),0024000709,平成24年 7 ～ 9 月
-,06049000,出荷 その他,060060000,酢酸（99%換算） (6) (t),0024001012,平成24年 10 ～ 12 月
-,06049000,出荷 その他,060060000,酢酸（99%換算） (6) (t),0024000101,平成24年1月
-,06049000,出荷 その他,060060000,酢酸（99%換算） (6) (t),0024000202,平成24年2月
-,06049000,出荷 その他,060060000,酢酸（99%換算） (6) (t),0024000303,平成24年3月
-,06049000,出荷 その他,060060000,酢酸（99%換算） (6) (t),0024000404,平成24年4月
-,06049000,出荷 その他,060060000,酢酸（99%換算） (6) (t),0024000505,平成24年5月
-,06049000,出荷 その他,060060000,酢酸（99%換算） (6) (t),0024000606,平成24年6月
-,06049000,出荷 その他,060060000,酢酸（99%換算） (6) (t),0024000707,平成24年7月
-,06049000,出荷 その他,060060000,酢酸（99%換算） (6) (t),0024000808,平成24年8月
-,06049000,出荷 その他,060060000,酢酸（99%換算） (6) (t),0024000909,平成24年9月
-,06049000,出荷 その他,060060000,酢酸（99%換算） (6) (t),0024001010,平成24年10月
-,06049000,出荷 その他,060060000,酢酸（99%換算） (6) (t),0024001111,平成24年11月
-,06049000,出荷 その他,060060000,酢酸（99%換算） (6) (t),0024001212,平成24年12月
12592,06049000,出荷 その他,060070000,酢酸エチル (7) (t),0020000000,平成20年
8067,06049000,出荷 その他,060070000,酢酸エチル (7) (t),0021000000,平成21年
-,06049000,出荷 その他,060070000,酢酸エチル (7) (t),0022000000,平成22年
X,06049000,出荷 その他,060070000,酢酸エチル (7) (t),0023000000,平成23年
X,06049000,出荷 その他,060070000,酢酸エチル (7) (t),0024000000,平成24年
X,06049000,出荷 その他,060070000,酢酸エチル (7) (t),0022010000,平成22年度
X,06049000,出荷 その他,060070000,酢酸エチル (7) (t),0023010000,平成23年度
X,06049000,出荷 その他,060070000,酢酸エチル (7) (t),0024000103,平成24年 1 ～ 3 月
X,06049000,出荷 その他,060070000,酢酸エチル (7) (t),0024000406,平成24年 4 ～ 6 月
X,06049000,出荷 その他,060070000,酢酸エチル (7) (t),0024000709,平成24年 7 ～ 9 月
X,06049000,出荷 その他,060070000,酢酸エチル (7) (t),0024001012,平成24年 10 ～ 12 月
X,06049000,出荷 その他,060070000,酢酸エチル (7) (t),0024000101,平成24年1月
X,06049000,出荷 その他,060070000,酢酸エチル (7) (t),0024000202,平成24年2月
X,06049000,出荷 その他,060070000,酢酸エチル (7) (t),0024000303,平成24年3月
X,06049000,出荷 その他,060070000,酢酸エチル (7) (t),0024000404,平成24年4月
X,06049000,出荷 その他,060070000,酢酸エチル (7) (t),0024000505,平成24年5月
X,06049000,出荷 その他,060070000,酢酸エチル (7) (t),0024000606,平成24年6月
X,06049000,出荷 その他,060070000,酢酸エチル (7) (t),0024000707,平成24年7月
X,06049000,出荷 その他,060070000,酢酸エチル (7) (t),0024000808,平成24年8月
X,06049000,出荷 その他,060070000,酢酸エチル (7) (t),0024000909,平成24年9月
X,06049000,出荷 その他,060070000,酢酸エチル (7) (t),0024001010,平成24年10月
X,06049000,出荷 その他,060070000,酢酸エチル (7) (t),0024001111,平成24年11月
X,06049000,出荷 その他,060070000,酢酸エチル (7) (t),0024001212,平成24年12月
-,06049000,出荷 その他,060080000,合成高級アルコール（C9以上のもの） (8) (t),0020000000,平成20年
2,06049000,出荷 その他,060080000,合成高級アルコール（C9以上のもの） (8) (t),0021000000,平成21年
104,06049000,出荷 その他,060080000,合成高級アルコール（C9以上のもの） (8) (t),0022000000,平成22年
X,06049000,出荷 その他,060080000,合成高級アルコール（C9以上のもの） (8) (t),0023000000,平成23年
X,06049000,出荷 その他,060080000,合成高級アルコール（C9以上のもの） (8) (t),0024000000,平成24年
X,06049000,出荷 その他,060080000,合成高級アルコール（C9以上のもの） (8) (t),0022010000,平成22年度
X,06049000,出荷 その他,060080000,合成高級アルコール（C9以上のもの） (8) (t),0023010000,平成23年度
X,06049000,出荷 その他,060080000,合成高級アルコール（C9以上のもの） (8) (t),0024000103,平成24年 1 ～ 3 月
X,06049000,出荷 その他,060080000,合成高級アルコール（C9以上のもの） (8) (t),0024000406,平成24年 4 ～ 6 月
X,06049000,出荷 その他,060080000,合成高級アルコール（C9以上のもの） (8) (t),0024000709,平成24年 7 ～ 9 月
X,06049000,出荷 その他,060080000,合成高級アルコール（C9以上のもの） (8) (t),0024001012,平成24年 10 ～ 12 月
X,06049000,出荷 その他,060080000,合成高級アルコール（C9以上のもの） (8) (t),0024000101,平成24年1月
X,06049000,出荷 その他,060080000,合成高級アルコール（C9以上のもの） (8) (t),0024000202,平成24年2月
X,06049000,出荷 その他,060080000,合成高級アルコール（C9以上のもの） (8) (t),0024000303,平成24年3月
X,06049000,出荷 その他,060080000,合成高級アルコール（C9以上のもの） (8) (t),0024000404,平成24年4月
X,06049000,出荷 その他,060080000,合成高級アルコール（C9以上のもの） (8) (t),0024000505,平成24年5月
X,06049000,出荷 その他,060080000,合成高級アルコール（C9以上のもの） (8) (t),0024000606,平成24年6月
X,06049000,出荷 その他,060080000,合成高級アルコール（C9以上のもの） (8) (t),0024000707,平成24年7月
X,06049000,出荷 その他,060080000,合成高級アルコール（C9以上のもの） (8) (t),0024000808,平成24年8月
X,06049000,出荷 その他,060080000,合成高級アルコール（C9以上のもの） (8) (t),0024000909,平成24年9月
X,06049000,出荷 その他,060080000,合成高級アルコール（C9以上のもの） (8) (t),0024001010,平成24年10月
X,06049000,出荷 その他,060080000,合成高級アルコール（C9以上のもの） (8) (t),0024001111,平成24年11月
X,06049000,出荷 その他,060080000,合成高級アルコール（C9以上のもの） (8) (t),0024001212,平成24年12月
1003,06049000,出荷 その他,060090000,二塩化エチレン (9) (t),0020000000,平成20年
2728,06049000,出荷 その他,060090000,二塩化エチレン (9) (t),0021000000,平成21年
3406,06049000,出荷 その他,060090000,二塩化エチレン (9) (t),0022000000,平成22年
12969,06049000,出荷 その他,060090000,二塩化エチレン (9) (t),0023000000,平成23年
45644,06049000,出荷 その他,060090000,二塩化エチレン (9) (t),0024000000,平成24年
3406,06049000,出荷 その他,060090000,二塩化エチレン (9) (t),0022010000,平成22年度
23505,06049000,出荷 その他,060090000,二塩化エチレン (9) (t),0023010000,平成23年度
10536,06049000,出荷 その他,060090000,二塩化エチレン (9) (t),0024000103,平成24年 1 ～ 3 月
11039,06049000,出荷 その他,060090000,二塩化エチレン (9) (t),0024000406,平成24年 4 ～ 6 月
12046,06049000,出荷 その他,060090000,二塩化エチレン (9) (t),0024000709,平成24年 7 ～ 9 月
12023,06049000,出荷 その他,060090000,二塩化エチレン (9) (t),0024001012,平成24年 10 ～ 12 月
5016,06049000,出荷 その他,060090000,二塩化エチレン (9) (t),0024000101,平成24年1月
5017,06049000,出荷 その他,060090000,二塩化エチレン (9) (t),0024000202,平成24年2月
503,06049000,出荷 その他,060090000,二塩化エチレン (9) (t),0024000303,平成24年3月
3012,06049000,出荷 その他,060090000,二塩化エチレン (9) (t),0024000404,平成24年4月
5012,06049000,出荷 その他,060090000,二塩化エチレン (9) (t),0024000505,平成24年5月
3015,06049000,出荷 その他,060090000,二塩化エチレン (9) (t),0024000606,平成24年6月
4019,06049000,出荷 その他,060090000,二塩化エチレン (9) (t),0024000707,平成24年7月
5014,06049000,出荷 その他,060090000,二塩化エチレン (9) (t),0024000808,平成24年8月
3013,06049000,出荷 その他,060090000,二塩化エチレン (9) (t),0024000909,平成24年9月
5010,06049000,出荷 その他,060090000,二塩化エチレン (9) (t),0024001010,平成24年10月
4010,06049000,出荷 その他,060090000,二塩化エチレン (9) (t),0024001111,平成24年11月
3003,06049000,出荷 その他,060090000,二塩化エチレン (9) (t),0024001212,平成24年12月
487618,06049000,出荷 その他,060100000,プロピレン (10) (t),0020000000,平成20年
473487,06049000,出荷 その他,060100000,プロピレン (10) (t),0021000000,平成21年
447013,06049000,出荷 その他,060100000,プロピレン (10) (t),0022000000,平成22年
710223,06049000,出荷 その他,060100000,プロピレン (10) (t),0023000000,平成23年
658837,06049000,出荷 その他,060100000,プロピレン (10) (t),0024000000,平成24年
444324,06049000,出荷 その他,060100000,プロピレン (10) (t),0022010000,平成22年度
730160,06049000,出荷 その他,060100000,プロピレン (10) (t),0023010000,平成23年度
142376,06049000,出荷 その他,060100000,プロピレン (10) (t),0024000103,平成24年 1 ～ 3 月
173178,06049000,出荷 その他,060100000,プロピレン (10) (t),0024000406,平成24年 4 ～ 6 月
150162,06049000,出荷 その他,060100000,プロピレン (10) (t),0024000709,平成24年 7 ～ 9 月
193121,06049000,出荷 その他,060100000,プロピレン (10) (t),0024001012,平成24年 10 ～ 12 月
51782,06049000,出荷 その他,060100000,プロピレン (10) (t),0024000101,平成24年1月
52694,06049000,出荷 その他,060100000,プロピレン (10) (t),0024000202,平成24年2月
37900,06049000,出荷 その他,060100000,プロピレン (10) (t),0024000303,平成24年3月
47385,06049000,出荷 その他,060100000,プロピレン (10) (t),0024000404,平成24年4月
67934,06049000,出荷 その他,060100000,プロピレン (10) (t),0024000505,平成24年5月
57859,06049000,出荷 その他,060100000,プロピレン (10) (t),0024000606,平成24年6月
43283,06049000,出荷 その他,060100000,プロピレン (10) (t),0024000707,平成24年7月
52027,06049000,出荷 その他,060100000,プロピレン (10) (t),0024000808,平成24年8月
54852,06049000,出荷 その他,060100000,プロピレン (10) (t),0024000909,平成24年9月
66868,06049000,出荷 その他,060100000,プロピレン (10) (t),0024001010,平成24年10月
57772,06049000,出荷 その他,060100000,プロピレン (10) (t),0024001111,平成24年11月
68481,06049000,出荷 その他,060100000,プロピレン (10) (t),0024001212,平成24年12月
789,06049000,出荷 その他,060110000,酸化プロピレン (11) (t),0020000000,平成20年
368,06049000,出荷 その他,060110000,酸化プロピレン (11) (t),0021000000,平成21年
309,06049000,出荷 その他,060110000,酸化プロピレン (11) (t),0022000000,平成22年
768,06049000,出荷 その他,060110000,酸化プロピレン (11) (t),0023000000,平成23年
217,06049000,出荷 その他,060110000,酸化プロピレン (11) (t),0024000000,平成24年
215,06049000,出荷 その他,060110000,酸化プロピレン (11) (t),0022010000,平成22年度
886,06049000,出荷 その他,060110000,酸化プロピレン (11) (t),0023010000,平成23年度
151,06049000,出荷 その他,060110000,酸化プロピレン (11) (t),0024000103,平成24年 1 ～ 3 月
66,06049000,出荷 その他,060110000,酸化プロピレン (11) (t),0024000406,平成24年 4 ～ 6 月
-,06049000,出荷 その他,060110000,酸化プロピレン (11) (t),0024000709,平成24年 7 ～ 9 月
-,06049000,出荷 その他,060110000,酸化プロピレン (11) (t),0024001012,平成24年 10 ～ 12 月
51,06049000,出荷 その他,060110000,酸化プロピレン (11) (t),0024000101,平成24年1月
61,06049000,出荷 その他,060110000,酸化プロピレン (11) (t),0024000202,平成24年2月
39,06049000,出荷 その他,060110000,酸化プロピレン (11) (t),0024000303,平成24年3月
21,06049000,出荷 その他,060110000,酸化プロピレン (11) (t),0024000404,平成24年4月
45,06049000,出荷 その他,060110000,酸化プロピレン (11) (t),0024000505,平成24年5月
-,06049000,出荷 その他,060110000,酸化プロピレン (11) (t),0024000606,平成24年6月
-,06049000,出荷 その他,060110000,酸化プロピレン (11) (t),0024000707,平成24年7月
-,06049000,出荷 その他,060110000,酸化プロピレン (11) (t),0024000808,平成24年8月
-,06049000,出荷 その他,060110000,酸化プロピレン (11) (t),0024000909,平成24年9月
-,06049000,出荷 その他,060110000,酸化プロピレン (11) (t),0024001010,平成24年10月
-,06049000,出荷 その他,060110000,酸化プロピレン (11) (t),0024001111,平成24年11月
-,06049000,出荷 その他,060110000,酸化プロピレン (11) (t),0024001212,平成24年12月
18002,06049000,出荷 その他,060120000,プロピレングリコール (12) (t),0020000000,平成20年
18704,06049000,出荷 その他,060120000,プロピレングリコール (12) (t),0021000000,平成21年
17298,06049000,出荷 その他,060120000,プロピレングリコール (12) (t),0022000000,平成22年
10688,06049000,出荷 その他,060120000,プロピレングリコール (12) (t),0023000000,平成23年
11859,06049000,出荷 その他,060120000,プロピレングリコール (12) (t),0024000000,平成24年
15719,06049000,出荷 その他,060120000,プロピレングリコール (12) (t),0022010000,平成22年度
10395,06049000,出荷 その他,060120000,プロピレングリコール (12) (t),0023010000,平成23年度
2799,06049000,出荷 その他,060120000,プロピレングリコール (12) (t),0024000103,平成24年 1 ～ 3 月
2977,06049000,出荷 その他,060120000,プロピレングリコール (12) (t),0024000406,平成24年 4 ～ 6 月
3098,06049000,出荷 その他,060120000,プロピレングリコール (12) (t),0024000709,平成24年 7 ～ 9 月
2985,06049000,出荷 その他,060120000,プロピレングリコール (12) (t),0024001012,平成24年 10 ～ 12 月
1221,06049000,出荷 その他,060120000,プロピレングリコール (12) (t),0024000101,平成24年1月
682,06049000,出荷 その他,060120000,プロピレングリコール (12) (t),0024000202,平成24年2月
896,06049000,出荷 その他,060120000,プロピレングリコール (12) (t),0024000303,平成24年3月
1489,06049000,出荷 その他,060120000,プロピレングリコール (12) (t),0024000404,平成24年4月
679,06049000,出荷 その他,060120000,プロピレングリコール (12) (t),0024000505,平成24年5月
809,06049000,出荷 その他,060120000,プロピレングリコール (12) (t),0024000606,平成24年6月
1074,06049000,出荷 その他,060120000,プロピレングリコール (12) (t),0024000707,平成24年7月
803,06049000,出荷 その他,060120000,プロピレングリコール (12) (t),0024000808,平成24年8月
1221,06049000,出荷 その他,060120000,プロピレングリコール (12) (t),0024000909,平成24年9月
730,06049000,出荷 その他,060120000,プロピレングリコール (12) (t),0024001010,平成24年10月
633,06049000,出荷 その他,060120000,プロピレングリコール (12) (t),0024001111,平成24年11月
1622,06049000,出荷 その他,060120000,プロピレングリコール (12) (t),0024001212,平成24年12月
6489,06049000,出荷 その他,060130000,ポリプロピレングリコール (13) (t),0020000000,平成20年
16659,06049000,出荷 その他,060130000,ポリプロピレングリコール (13) (t),0021000000,平成21年
6853,06049000,出荷 その他,060130000,ポリプロピレングリコール (13) (t),0022000000,平成22年
4708,06049000,出荷 その他,060130000,ポリプロピレングリコール (13) (t),0023000000,平成23年
5068,06049000,出荷 その他,060130000,ポリプロピレングリコール (13) (t),0024000000,平成24年
5185,06049000,出荷 その他,060130000,ポリプロピレングリコール (13) (t),0022010000,平成22年度
4918,06049000,出荷 その他,060130000,ポリプロピレングリコール (13) (t),0023010000,平成23年度
1254,06049000,出荷 その他,060130000,ポリプロピレングリコール (13) (t),0024000103,平成24年 1 ～ 3 月
1480,06049000,出荷 その他,060130000,ポリプロピレングリコール (13) (t),0024000406,平成24年 4 ～ 6 月
1135,06049000,出荷 その他,060130000,ポリプロピレングリコール (13) (t),0024000709,平成24年 7 ～ 9 月
1199,06049000,出荷 その他,060130000,ポリプロピレングリコール (13) (t),0024001012,平成24年 10 ～ 12 月
435,06049000,出荷 その他,060130000,ポリプロピレングリコール (13) (t),0024000101,平成24年1月
316,06049000,出荷 その他,060130000,ポリプロピレングリコール (13) (t),0024000202,平成24年2月
503,06049000,出荷 その他,060130000,ポリプロピレングリコール (13) (t),0024000303,平成24年3月
538,06049000,出荷 その他,060130000,ポリプロピレングリコール (13) (t),0024000404,平成24年4月
518,06049000,出荷 その他,060130000,ポリプロピレングリコール (13) (t),0024000505,平成24年5月
424,06049000,出荷 その他,060130000,ポリプロピレングリコール (13) (t),0024000606,平成24年6月
483,06049000,出荷 その他,060130000,ポリプロピレングリコール (13) (t),0024000707,平成24年7月
368,06049000,出荷 その他,060130000,ポリプロピレングリコール (13) (t),0024000808,平成24年8月
284,06049000,出荷 その他,060130000,ポリプロピレングリコール (13) (t),0024000909,平成24年9月
427,06049000,出荷 その他,060130000,ポリプロピレングリコール (13) (t),0024001010,平成24年10月
490,06049000,出荷 その他,060130000,ポリプロピレングリコール (13) (t),0024001111,平成24年11月
282,06049000,出荷 その他,060130000,ポリプロピレングリコール (13) (t),0024001212,平成24年12月
-,06049000,出荷 その他,060140000,エピクロルヒドリン (14) (t),0020000000,平成20年
-,06049000,出荷 その他,060140000,エピクロルヒドリン (14) (t),0021000000,平成21年
-,06049000,出荷 その他,060140000,エピクロルヒドリン (14) (t),0022000000,平成22年
-,06049000,出荷 その他,060140000,エピクロルヒドリン (14) (t),0023000000,平成23年
-,06049000,出荷 その他,060140000,エピクロルヒドリン (14) (t),0024000000,平成24年
-,06049000,出荷 その他,060140000,エピクロルヒドリン (14) (t),0022010000,平成22年度
-,06049000,出荷 その他,060140000,エピクロルヒドリン (14) (t),0023010000,平成23年度
-,06049000,出荷 その他,060140000,エピクロルヒドリン (14) (t),0024000103,平成24年 1 ～ 3 月
-,06049000,出荷 その他,060140000,エピクロルヒドリン (14) (t),0024000406,平成24年 4 ～ 6 月
-,06049000,出荷 その他,060140000,エピクロルヒドリン (14) (t),0024000709,平成24年 7 ～ 9 月
-,06049000,出荷 その他,060140000,エピクロルヒドリン (14) (t),0024001012,平成24年 10 ～ 12 月
-,06049000,出荷 その他,060140000,エピクロルヒドリン (14) (t),0024000101,平成24年1月
-,06049000,出荷 その他,060140000,エピクロルヒドリン (14) (t),0024000202,平成24年2月
-,06049000,出荷 その他,060140000,エピクロルヒドリン (14) (t),0024000303,平成24年3月
-,06049000,出荷 その他,060140000,エピクロルヒドリン (14) (t),0024000404,平成24年4月
-,06049000,出荷 その他,060140000,エピクロルヒドリン (14) (t),0024000505,平成24年5月
-,06049000,出荷 その他,060140000,エピクロルヒドリン (14) (t),0024000606,平成24年6月
-,06049000,出荷 その他,060140000,エピクロルヒドリン (14) (t),0024000707,平成24年7月
-,06049000,出荷 その他,060140000,エピクロルヒドリン (14) (t),0024000808,平成24年8月
-,06049000,出荷 その他,060140000,エピクロルヒドリン (14) (t),0024000909,平成24年9月
-,06049000,出荷 その他,060140000,エピクロルヒドリン (14) (t),0024001010,平成24年10月
-,06049000,出荷 その他,060140000,エピクロルヒドリン (14) (t),0024001111,平成24年11月
-,06049000,出荷 その他,060140000,エピクロルヒドリン (14) (t),0024001212,平成24年12月
-,06049000,出荷 その他,060150000,イソプロピルアルコール (15) (t),0020000000,平成20年
-,06049000,出荷 その他,060150000,イソプロピルアルコール (15) (t),0021000000,平成21年
1,06049000,出荷 その他,060150000,イソプロピルアルコール (15) (t),0022000000,平成22年
-,06049000,出荷 その他,060150000,イソプロピルアルコール (15) (t),0023000000,平成23年
-,06049000,出荷 その他,060150000,イソプロピルアルコール (15) (t),0024000000,平成24年
1,06049000,出荷 その他,060150000,イソプロピルアルコール (15) (t),0022010000,平成22年度
-,06049000,出荷 その他,060150000,イソプロピルアルコール (15) (t),0023010000,平成23年度
-,06049000,出荷 その他,060150000,イソプロピルアルコール (15) (t),0024000103,平成24年 1 ～ 3 月
-,06049000,出荷 その他,060150000,イソプロピルアルコール (15) (t),0024000406,平成24年 4 ～ 6 月
-,06049000,出荷 その他,060150000,イソプロピルアルコール (15) (t),0024000709,平成24年 7 ～ 9 月
-,06049000,出荷 その他,060150000,イソプロピルアルコール (15) (t),0024001012,平成24年 10 ～ 12 月
-,06049000,出荷 その他,060150000,イソプロピルアルコール (15) (t),0024000101,平成24年1月
-,06049000,出荷 その他,060150000,イソプロピルアルコール (15) (t),0024000202,平成24年2月
-,06049000,出荷 その他,060150000,イソプロピルアルコール (15) (t),0024000303,平成24年3月
-,06049000,出荷 その他,060150000,イソプロピルアルコール (15) (t),0024000404,平成24年4月
-,06049000,出荷 その他,060150000,イソプロピルアルコール (15) (t),0024000505,平成24年5月
-,06049000,出荷 その他,060150000,イソプロピルアルコール (15) (t),0024000606,平成24年6月
-,06049000,出荷 その他,060150000,イソプロピルアルコール (15) (t),0024000707,平成24年7月
-,06049000,出荷 その他,060150000,イソプロピルアルコール (15) (t),0024000808,平成24年8月
-,06049000,出荷 その他,060150000,イソプロピルアルコール (15) (t),0024000909,平成24年9月
-,06049000,出荷 その他,060150000,イソプロピルアルコール (15) (t),0024001010,平成24年10月
-,06049000,出荷 その他,060150000,イソプロピルアルコール (15) (t),0024001111,平成24年11月
-,06049000,出荷 その他,060150000,イソプロピルアルコール (15) (t),0024001212,平成24年12月
147915,06049000,出荷 その他,060160000,合成アセトン (16) (t),0020000000,平成20年
145667,06049000,出荷 その他,060160000,合成アセトン (16) (t),0021000000,平成21年
136526,06049000,出荷 その他,060160000,合成アセトン (16) (t),0022000000,平成22年
101918,06049000,出荷 その他,060160000,合成アセトン (16) (t),0023000000,平成23年
138415,06049000,出荷 その他,060160000,合成アセトン (16) (t),0024000000,平成24年
130242,06049000,出荷 その他,060160000,合成アセトン (16) (t),0022010000,平成22年度
102578,06049000,出荷 その他,060160000,合成アセトン (16) (t),0023010000,平成23年度
29986,06049000,出荷 その他,060160000,合成アセトン (16) (t),0024000103,平成24年 1 ～ 3 月
21213,06049000,出荷 その他,060160000,合成アセトン (16) (t),0024000406,平成24年 4 ～ 6 月
40741,06049000,出荷 その他,060160000,合成アセトン (16) (t),0024000709,平成24年 7 ～ 9 月
46475,06049000,出荷 その他,060160000,合成アセトン (16) (t),0024001012,平成24年 10 ～ 12 月
6124,06049000,出荷 その他,060160000,合成アセトン (16) (t),0024000101,平成24年1月
14728,06049000,出荷 その他,060160000,合成アセトン (16) (t),0024000202,平成24年2月
9134,06049000,出荷 その他,060160000,合成アセトン (16) (t),0024000303,平成24年3月
8774,06049000,出荷 その他,060160000,合成アセトン (16) (t),0024000404,平成24年4月
6506,06049000,出荷 その他,060160000,合成アセトン (16) (t),0024000505,平成24年5月
5933,06049000,出荷 その他,060160000,合成アセトン (16) (t),0024000606,平成24年6月
11941,06049000,出荷 その他,060160000,合成アセトン (16) (t),0024000707,平成24年7月
13929,06049000,出荷 その他,060160000,合成アセトン (16) (t),0024000808,平成24年8月
14871,06049000,出荷 その他,060160000,合成アセトン (16) (t),0024000909,平成24年9月
14468,06049000,出荷 その他,060160000,合成アセトン (16) (t),0024001010,平成24年10月
14573,06049000,出荷 その他,060160000,合成アセトン (16) (t),0024001111,平成24年11月
17434,06049000,出荷 その他,060160000,合成アセトン (16) (t),0024001212,平成24年12月
-,06049000,出荷 その他,060170000,メチルイソブチルケトン (17) (t),0020000000,平成20年
-,06049000,出荷 その他,060170000,メチルイソブチルケトン (17) (t),0021000000,平成21年
-,06049000,出荷 その他,060170000,メチルイソブチルケトン (17) (t),0022000000,平成22年
-,06049000,出荷 その他,060170000,メチルイソブチルケトン (17) (t),0023000000,平成23年
-,06049000,出荷 その他,060170000,メチルイソブチルケトン (17) (t),0024000000,平成24年
-,06049000,出荷 その他,060170000,メチルイソブチルケトン (17) (t),0022010000,平成22年度
-,06049000,出荷 その他,060170000,メチルイソブチルケトン (17) (t),0023010000,平成23年度
-,06049000,出荷 その他,060170000,メチルイソブチルケトン (17) (t),0024000103,平成24年 1 ～ 3 月
-,06049000,出荷 その他,060170000,メチルイソブチルケトン (17) (t),0024000406,平成24年 4 ～ 6 月
-,06049000,出荷 その他,060170000,メチルイソブチルケトン (17) (t),0024000709,平成24年 7 ～ 9 月
-,06049000,出荷 その他,060170000,メチルイソブチルケトン (17) (t),0024001012,平成24年 10 ～ 12 月
-,06049000,出荷 その他,060170000,メチルイソブチルケトン (17) (t),0024000101,平成24年1月
-,06049000,出荷 その他,060170000,メチルイソブチルケトン (17) (t),0024000202,平成24年2月
-,06049000,出荷 その他,060170000,メチルイソブチルケトン (17) (t),0024000303,平成24年3月
-,06049000,出荷 その他,060170000,メチルイソブチルケトン (17) (t),0024000404,平成24年4月
-,06049000,出荷 その他,060170000,メチルイソブチルケトン (17) (t),0024000505,平成24年5月
-,06049000,出荷 その他,060170000,メチルイソブチルケトン (17) (t),0024000606,平成24年6月
-,06049000,出荷 その他,060170000,メチルイソブチルケトン (17) (t),0024000707,平成24年7月
-,06049000,出荷 その他,060170000,メチルイソブチルケトン (17) (t),0024000808,平成24年8月
-,06049000,出荷 その他,060170000,メチルイソブチルケトン (17) (t),0024000909,平成24年9月
-,06049000,出荷 その他,060170000,メチルイソブチルケトン (17) (t),0024001010,平成24年10月
-,06049000,出荷 その他,060170000,メチルイソブチルケトン (17) (t),0024001111,平成24年11月
-,06049000,出荷 その他,060170000,メチルイソブチルケトン (17) (t),0024001212,平成24年12月
142675,06049000,出荷 その他,060180000,アクリロニトリル (18) (t),0020000000,平成20年
99398,06049000,出荷 その他,060180000,アクリロニトリル (18) (t),0021000000,平成21年
117952,06049000,出荷 その他,060180000,アクリロニトリル (18) (t),0022000000,平成22年
121110,06049000,出荷 その他,060180000,アクリロニトリル (18) (t),0023000000,平成23年
102450,06049000,出荷 その他,060180000,アクリロニトリル (18) (t),0024000000,平成24年
128156,06049000,出荷 その他,060180000,アクリロニトリル (18) (t),0022010000,平成22年度
113584,06049000,出荷 その他,060180000,アクリロニトリル (18) (t),0023010000,平成23年度
25478,06049000,出荷 その他,060180000,アクリロニトリル (18) (t),0024000103,平成24年 1 ～ 3 月
28773,06049000,出荷 その他,060180000,アクリロニトリル (18) (t),0024000406,平成24年 4 ～ 6 月
24190,06049000,出荷 その他,060180000,アクリロニトリル (18) (t),0024000709,平成24年 7 ～ 9 月
24009,06049000,出荷 その他,060180000,アクリロニトリル (18) (t),0024001012,平成24年 10 ～ 12 月
10062,06049000,出荷 その他,060180000,アクリロニトリル (18) (t),0024000101,平成24年1月
7848,06049000,出荷 その他,060180000,アクリロニトリル (18) (t),0024000202,平成24年2月
7568,06049000,出荷 その他,060180000,アクリロニトリル (18) (t),0024000303,平成24年3月
11373,06049000,出荷 その他,060180000,アクリロニトリル (18) (t),0024000404,平成24年4月
7978,06049000,出荷 その他,060180000,アクリロニトリル (18) (t),0024000505,平成24年5月
9422,06049000,出荷 その他,060180000,アクリロニトリル (18) (t),0024000606,平成24年6月
6667,06049000,出荷 その他,060180000,アクリロニトリル (18) (t),0024000707,平成24年7月
8665,06049000,出荷 その他,060180000,アクリロニトリル (18) (t),0024000808,平成24年8月
8858,06049000,出荷 その他,060180000,アクリロニトリル (18) (t),0024000909,平成24年9月
7214,06049000,出荷 その他,060180000,アクリロニトリル (18) (t),0024001010,平成24年10月
8643,06049000,出荷 その他,060180000,アクリロニトリル (18) (t),0024001111,平成24年11月
8152,06049000,出荷 その他,060180000,アクリロニトリル (18) (t),0024001212,平成24年12月
31289,06049000,出荷 その他,060190000,アクリル酸エステル (19) (t),0020000000,平成20年
23842,06049000,出荷 その他,060190000,アクリル酸エステル (19) (t),0021000000,平成21年
27307,06049000,出荷 その他,060190000,アクリル酸エステル (19) (t),0022000000,平成22年
24754,06049000,出荷 その他,060190000,アクリル酸エステル (19) (t),0023000000,平成23年
19384,06049000,出荷 その他,060190000,アクリル酸エステル (19) (t),0024000000,平成24年
26266,06049000,出荷 その他,060190000,アクリル酸エステル (19) (t),0022010000,平成22年度
24752,06049000,出荷 その他,060190000,アクリル酸エステル (19) (t),0023010000,平成23年度
5867,06049000,出荷 その他,060190000,アクリル酸エステル (19) (t),0024000103,平成24年 1 ～ 3 月
6911,06049000,出荷 その他,060190000,アクリル酸エステル (19) (t),0024000406,平成24年 4 ～ 6 月
6606,06049000,出荷 その他,060190000,アクリル酸エステル (19) (t),0024000709,平成24年 7 ～ 9 月
-,06049000,出荷 その他,060190000,アクリル酸エステル (19) (t),0024001012,平成24年 10 ～ 12 月
1772,06049000,出荷 その他,060190000,アクリル酸エステル (19) (t),0024000101,平成24年1月
2075,06049000,出荷 その他,060190000,アクリル酸エステル (19) (t),0024000202,平成24年2月
2020,06049000,出荷 その他,060190000,アクリル酸エステル (19) (t),0024000303,平成24年3月
2824,06049000,出荷 その他,060190000,アクリル酸エステル (19) (t),0024000404,平成24年4月
2107,06049000,出荷 その他,060190000,アクリル酸エステル (19) (t),0024000505,平成24年5月
1980,06049000,出荷 その他,060190000,アクリル酸エステル (19) (t),0024000606,平成24年6月
2443,06049000,出荷 その他,060190000,アクリル酸エステル (19) (t),0024000707,平成24年7月
2002,06049000,出荷 その他,060190000,アクリル酸エステル (19) (t),0024000808,平成24年8月
2161,06049000,出荷 その他,060190000,アクリル酸エステル (19) (t),0024000909,平成24年9月
-,06049000,出荷 その他,060190000,アクリル酸エステル (19) (t),0024001010,平成24年10月
-,06049000,出荷 その他,060190000,アクリル酸エステル (19) (t),0024001111,平成24年11月
-,06049000,出荷 その他,060190000,アクリル酸エステル (19) (t),0024001212,平成24年12月
-,06049000,出荷 その他,060200000,合成オクタノール (20) (t),0020000000,平成20年
8,06049000,出荷 その他,060200000,合成オクタノール (20) (t),0021000000,平成21年
-,06049000,出荷 その他,060200000,合成オクタノール (20) (t),0022000000,平成22年
-,06049000,出荷 その他,060200000,合成オクタノール (20) (t),0023000000,平成23年
-,06049000,出荷 その他,060200000,合成オクタノール (20) (t),0024000000,平成24年
-,06049000,出荷 その他,060200000,合成オクタノール (20) (t),0022010000,平成22年度
-,06049000,出荷 その他,060200000,合成オクタノール (20) (t),0023010000,平成23年度
-,06049000,出荷 その他,060200000,合成オクタノール (20) (t),0024000103,平成24年 1 ～ 3 月
-,06049000,出荷 その他,060200000,合成オクタノール (20) (t),0024000406,平成24年 4 ～ 6 月
-,06049000,出荷 その他,060200000,合成オクタノール (20) (t),0024000709,平成24年 7 ～ 9 月
-,06049000,出荷 その他,060200000,合成オクタノール (20) (t),0024001012,平成24年 10 ～ 12 月
-,06049000,出荷 その他,060200000,合成オクタノール (20) (t),0024000101,平成24年1月
-,06049000,出荷 その他,060200000,合成オクタノール (20) (t),0024000202,平成24年2月
-,06049000,出荷 その他,060200000,合成オクタノール (20) (t),0024000303,平成24年3月
-,06049000,出荷 その他,060200000,合成オクタノール (20) (t),0024000404,平成24年4月
-,06049000,出荷 その他,060200000,合成オクタノール (20) (t),0024000505,平成24年5月
-,06049000,出荷 その他,060200000,合成オクタノール (20) (t),0024000606,平成24年6月
-,06049000,出荷 その他,060200000,合成オクタノール (20) (t),0024000707,平成24年7月
-,06049000,出荷 その他,060200000,合成オクタノール (20) (t),0024000808,平成24年8月
-,06049000,出荷 その他,060200000,合成オクタノール (20) (t),0024000909,平成24年9月
-,06049000,出荷 その他,060200000,合成オクタノール (20) (t),0024001010,平成24年10月
-,06049000,出荷 その他,060200000,合成オクタノール (20) (t),0024001111,平成24年11月
-,06049000,出荷 その他,060200000,合成オクタノール (20) (t),0024001212,平成24年12月
-,06049000,出荷 その他,060210000,合成ブタノール (21) (t),0020000000,平成20年
11,06049000,出荷 その他,060210000,合成ブタノール (21) (t),0021000000,平成21年
-,06049000,出荷 その他,060210000,合成ブタノール (21) (t),0022000000,平成22年
-,06049000,出荷 その他,060210000,合成ブタノール (21) (t),0023000000,平成23年
31102,06049000,出荷 その他,060210000,合成ブタノール (21) (t),0024000000,平成24年
-,06049000,出荷 その他,060210000,合成ブタノール (21) (t),0022010000,平成22年度
4504,06049000,出荷 その他,060210000,合成ブタノール (21) (t),0023010000,平成23年度
4504,06049000,出荷 その他,060210000,合成ブタノール (21) (t),0024000103,平成24年 1 ～ 3 月
7804,06049000,出荷 その他,060210000,合成ブタノール (21) (t),0024000406,平成24年 4 ～ 6 月
10306,06049000,出荷 その他,060210000,合成ブタノール (21) (t),0024000709,平成24年 7 ～ 9 月
8488,06049000,出荷 その他,060210000,合成ブタノール (21) (t),0024001012,平成24年 10 ～ 12 月
-,06049000,出荷 その他,060210000,合成ブタノール (21) (t),0024000101,平成24年1月
1302,06049000,出荷 その他,060210000,合成ブタノール (21) (t),0024000202,平成24年2月
3202,06049000,出荷 その他,060210000,合成ブタノール (21) (t),0024000303,平成24年3月
4004,06049000,出荷 その他,060210000,合成ブタノール (21) (t),0024000404,平成24年4月
1600,06049000,出荷 その他,060210000,合成ブタノール (21) (t),0024000505,平成24年5月
2200,06049000,出荷 その他,060210000,合成ブタノール (21) (t),0024000606,平成24年6月
3202,06049000,出荷 その他,060210000,合成ブタノール (21) (t),0024000707,平成24年7月
4004,06049000,出荷 その他,060210000,合成ブタノール (21) (t),0024000808,平成24年8月
3100,06049000,出荷 その他,060210000,合成ブタノール (21) (t),0024000909,平成24年9月
4000,06049000,出荷 その他,060210000,合成ブタノール (21) (t),0024001010,平成24年10月
2006,06049000,出荷 その他,060210000,合成ブタノール (21) (t),0024001111,平成24年11月
2482,06049000,出荷 その他,060210000,合成ブタノール (21) (t),0024001212,平成24年12月
37235,06049000,出荷 その他,060220000,メチルエチルケトン (22) (t),0020000000,平成20年
42170,06049000,出荷 その他,060220000,メチルエチルケトン (22) (t),0021000000,平成21年
40398,06049000,出荷 その他,060220000,メチルエチルケトン (22) (t),0022000000,平成22年
42503,06049000,出荷 その他,060220000,メチルエチルケトン (22) (t),0023000000,平成23年
36523,06049000,出荷 その他,060220000,メチルエチルケトン (22) (t),0024000000,平成24年
41831,06049000,出荷 その他,060220000,メチルエチルケトン (22) (t),0022010000,平成22年度
41621,06049000,出荷 その他,060220000,メチルエチルケトン (22) (t),0023010000,平成23年度
11714,06049000,出荷 その他,060220000,メチルエチルケトン (22) (t),0024000103,平成24年 1 ～ 3 月
10581,06049000,出荷 その他,060220000,メチルエチルケトン (22) (t),0024000406,平成24年 4 ～ 6 月
8319,06049000,出荷 その他,060220000,メチルエチルケトン (22) (t),0024000709,平成24年 7 ～ 9 月
5909,06049000,出荷 その他,060220000,メチルエチルケトン (22) (t),0024001012,平成24年 10 ～ 12 月
4590,06049000,出荷 その他,060220000,メチルエチルケトン (22) (t),0024000101,平成24年1月
3938,06049000,出荷 その他,060220000,メチルエチルケトン (22) (t),0024000202,平成24年2月
3186,06049000,出荷 その他,060220000,メチルエチルケトン (22) (t),0024000303,平成24年3月
3053,06049000,出荷 その他,060220000,メチルエチルケトン (22) (t),0024000404,平成24年4月
4569,06049000,出荷 その他,060220000,メチルエチルケトン (22) (t),0024000505,平成24年5月
2959,06049000,出荷 その他,060220000,メチルエチルケトン (22) (t),0024000606,平成24年6月
2766,06049000,出荷 その他,060220000,メチルエチルケトン (22) (t),0024000707,平成24年7月
3567,06049000,出荷 その他,060220000,メチルエチルケトン (22) (t),0024000808,平成24年8月
1986,06049000,出荷 その他,060220000,メチルエチルケトン (22) (t),0024000909,平成24年9月
1428,06049000,出荷 その他,060220000,メチルエチルケトン (22) (t),0024001010,平成24年10月
1498,06049000,出荷 その他,060220000,メチルエチルケトン (22) (t),0024001111,平成24年11月
2983,06049000,出荷 その他,060220000,メチルエチルケトン (22) (t),0024001212,平成24年12月
330922,06049000,出荷 その他,060230000,ブタン･ブチレン (23) (t),0020000000,平成20年
288240,06049000,出荷 その他,060230000,ブタン･ブチレン (23) (t),0021000000,平成21年
284619,06049000,出荷 その他,060230000,ブタン･ブチレン (23) (t),0022000000,平成22年
305617,06049000,出荷 その他,060230000,ブタン･ブチレン (23) (t),0023000000,平成23年
259233,06049000,出荷 その他,060230000,ブタン･ブチレン (23) (t),0024000000,平成24年
279249,06049000,出荷 その他,060230000,ブタン･ブチレン (23) (t),0022010000,平成22年度
291205,06049000,出荷 その他,060230000,ブタン･ブチレン (23) (t),0023010000,平成23年度
62929,06049000,出荷 その他,060230000,ブタン･ブチレン (23) (t),0024000103,平成24年 1 ～ 3 月
71658,06049000,出荷 その他,060230000,ブタン･ブチレン (23) (t),0024000406,平成24年 4 ～ 6 月
59137,06049000,出荷 その他,060230000,ブタン･ブチレン (23) (t),0024000709,平成24年 7 ～ 9 月
65509,06049000,出荷 その他,060230000,ブタン･ブチレン (23) (t),0024001012,平成24年 10 ～ 12 月
21977,06049000,出荷 その他,060230000,ブタン･ブチレン (23) (t),0024000101,平成24年1月
19901,06049000,出荷 その他,060230000,ブタン･ブチレン (23) (t),0024000202,平成24年2月
21051,06049000,出荷 その他,060230000,ブタン･ブチレン (23) (t),0024000303,平成24年3月
23585,06049000,出荷 その他,060230000,ブタン･ブチレン (23) (t),0024000404,平成24年4月
25153,06049000,出荷 その他,060230000,ブタン･ブチレン (23) (t),0024000505,平成24年5月
22920,06049000,出荷 その他,060230000,ブタン･ブチレン (23) (t),0024000606,平成24年6月
16141,06049000,出荷 その他,060230000,ブタン･ブチレン (23) (t),0024000707,平成24年7月
22379,06049000,出荷 その他,060230000,ブタン･ブチレン (23) (t),0024000808,平成24年8月
20617,06049000,出荷 その他,060230000,ブタン･ブチレン (23) (t),0024000909,平成24年9月
21764,06049000,出荷 その他,060230000,ブタン･ブチレン (23) (t),0024001010,平成24年10月
22692,06049000,出荷 その他,060230000,ブタン･ブチレン (23) (t),0024001111,平成24年11月
21053,06049000,出荷 その他,060230000,ブタン･ブチレン (23) (t),0024001212,平成24年12月
7202,06049000,出荷 その他,060240000,ブタジエン (24) (t),0020000000,平成20年
14413,06049000,出荷 その他,060240000,ブタジエン (24) (t),0021000000,平成21年
11465,06049000,出荷 その他,060240000,ブタジエン (24) (t),0022000000,平成22年
12512,06049000,出荷 その他,060240000,ブタジエン (24) (t),0023000000,平成23年
23490,06049000,出荷 その他,060240000,ブタジエン (24) (t),0024000000,平成24年
8164,06049000,出荷 その他,060240000,ブタジエン (24) (t),0022010000,平成22年度
18692,06049000,出荷 その他,060240000,ブタジエン (24) (t),0023010000,平成23年度
9183,06049000,出荷 その他,060240000,ブタジエン (24) (t),0024000103,平成24年 1 ～ 3 月
5168,06049000,出荷 その他,060240000,ブタジエン (24) (t),0024000406,平成24年 4 ～ 6 月
6747,06049000,出荷 その他,060240000,ブタジエン (24) (t),0024000709,平成24年 7 ～ 9 月
2392,06049000,出荷 その他,060240000,ブタジエン (24) (t),0024001012,平成24年 10 ～ 12 月
2301,06049000,出荷 その他,060240000,ブタジエン (24) (t),0024000101,平成24年1月
3201,06049000,出荷 その他,060240000,ブタジエン (24) (t),0024000202,平成24年2月
3681,06049000,出荷 その他,060240000,ブタジエン (24) (t),0024000303,平成24年3月
2051,06049000,出荷 その他,060240000,ブタジエン (24) (t),0024000404,平成24年4月
414,06049000,出荷 その他,060240000,ブタジエン (24) (t),0024000505,平成24年5月
2703,06049000,出荷 その他,060240000,ブタジエン (24) (t),0024000606,平成24年6月
2602,06049000,出荷 その他,060240000,ブタジエン (24) (t),0024000707,平成24年7月
2844,06049000,出荷 その他,060240000,ブタジエン (24) (t),0024000808,平成24年8月
1301,06049000,出荷 その他,060240000,ブタジエン (24) (t),0024000909,平成24年9月
-,06049000,出荷 その他,060240000,ブタジエン (24) (t),0024001010,平成24年10月
951,06049000,出荷 その他,060240000,ブタジエン (24) (t),0024001111,平成24年11月
1441,06049000,出荷 その他,060240000,ブタジエン (24) (t),0024001212,平成24年12月
1160,06049000,出荷 その他,060250000,ノルマルパラフィン (25) (t),0020000000,平成20年
7760,06049000,出荷 その他,060250000,ノルマルパラフィン (25) (t),0021000000,平成21年
1079,06049000,出荷 その他,060250000,ノルマルパラフィン (25) (t),0022000000,平成22年
X,06049000,出荷 その他,060250000,ノルマルパラフィン (25) (t),0023000000,平成23年
X,06049000,出荷 その他,060250000,ノルマルパラフィン (25) (t),0024000000,平成24年
X,06049000,出荷 その他,060250000,ノルマルパラフィン (25) (t),0022010000,平成22年度
X,06049000,出荷 その他,060250000,ノルマルパラフィン (25) (t),0023010000,平成23年度
X,06049000,出荷 その他,060250000,ノルマルパラフィン (25) (t),0024000103,平成24年 1 ～ 3 月
X,06049000,出荷 その他,060250000,ノルマルパラフィン (25) (t),0024000406,平成24年 4 ～ 6 月
X,06049000,出荷 その他,060250000,ノルマルパラフィン (25) (t),0024000709,平成24年 7 ～ 9 月
X,06049000,出荷 その他,060250000,ノルマルパラフィン (25) (t),0024001012,平成24年 10 ～ 12 月
X,06049000,出荷 その他,060250000,ノルマルパラフィン (25) (t),0024000101,平成24年1月
X,06049000,出荷 その他,060250000,ノルマルパラフィン (25) (t),0024000202,平成24年2月
X,06049000,出荷 その他,060250000,ノルマルパラフィン (25) (t),0024000303,平成24年3月
X,06049000,出荷 その他,060250000,ノルマルパラフィン (25) (t),0024000404,平成24年4月
X,06049000,出荷 その他,060250000,ノルマルパラフィン (25) (t),0024000505,平成24年5月
X,06049000,出荷 その他,060250000,ノルマルパラフィン (25) (t),0024000606,平成24年6月
X,06049000,出荷 その他,060250000,ノルマルパラフィン (25) (t),0024000707,平成24年7月
X,06049000,出荷 その他,060250000,ノルマルパラフィン (25) (t),0024000808,平成24年8月
X,06049000,出荷 その他,060250000,ノルマルパラフィン (25) (t),0024000909,平成24年9月
X,06049000,出荷 その他,060250000,ノルマルパラフィン (25) (t),0024001010,平成24年10月
X,06049000,出荷 その他,060250000,ノルマルパラフィン (25) (t),0024001111,平成24年11月
X,06049000,出荷 その他,060250000,ノルマルパラフィン (25) (t),0024001212,平成24年12月
473570,06049000,出荷 その他,060260000,分解ガソリン (26) (t),0020000000,平成20年
399104,06049000,出荷 その他,060260000,分解ガソリン (26) (t),0021000000,平成21年
412407,06049000,出荷 その他,060260000,分解ガソリン (26) (t),0022000000,平成22年
455558,06049000,出荷 その他,060260000,分解ガソリン (26) (t),0023000000,平成23年
321078,06049000,出荷 その他,060260000,分解ガソリン (26) (t),0024000000,平成24年
418258,06049000,出荷 その他,060260000,分解ガソリン (26) (t),0022010000,平成22年度
408998,06049000,出荷 その他,060260000,分解ガソリン (26) (t),0023010000,平成23年度
73748,06049000,出荷 その他,060260000,分解ガソリン (26) (t),0024000103,平成24年 1 ～ 3 月
94816,06049000,出荷 その他,060260000,分解ガソリン (26) (t),0024000406,平成24年 4 ～ 6 月
68288,06049000,出荷 その他,060260000,分解ガソリン (26) (t),0024000709,平成24年 7 ～ 9 月
84226,06049000,出荷 その他,060260000,分解ガソリン (26) (t),0024001012,平成24年 10 ～ 12 月
28592,06049000,出荷 その他,060260000,分解ガソリン (26) (t),0024000101,平成24年1月
20881,06049000,出荷 その他,060260000,分解ガソリン (26) (t),0024000202,平成24年2月
24275,06049000,出荷 その他,060260000,分解ガソリン (26) (t),0024000303,平成24年3月
31216,06049000,出荷 その他,060260000,分解ガソリン (26) (t),0024000404,平成24年4月
33262,06049000,出荷 その他,060260000,分解ガソリン (26) (t),0024000505,平成24年5月
30338,06049000,出荷 その他,060260000,分解ガソリン (26) (t),0024000606,平成24年6月
18178,06049000,出荷 その他,060260000,分解ガソリン (26) (t),0024000707,平成24年7月
27113,06049000,出荷 その他,060260000,分解ガソリン (26) (t),0024000808,平成24年8月
22997,06049000,出荷 その他,060260000,分解ガソリン (26) (t),0024000909,平成24年9月
28861,06049000,出荷 その他,060260000,分解ガソリン (26) (t),0024001010,平成24年10月
31100,06049000,出荷 その他,060260000,分解ガソリン (26) (t),0024001111,平成24年11月
24265,06049000,出荷 その他,060260000,分解ガソリン (26) (t),0024001212,平成24年12月
45405,06049000,出荷 その他,060271000,エチルアルコール（95％換算） 計 (27～28) (kl),0020000000,平成20年
50182,06049000,出荷 その他,060271000,エチルアルコール（95％換算） 計 (27～28) (kl),0021000000,平成21年
46156,06049000,出荷 その他,060271000,エチルアルコール（95％換算） 計 (27～28) (kl),0022000000,平成22年
34973,06049000,出荷 その他,060271000,エチルアルコール（95％換算） 計 (27～28) (kl),0023000000,平成23年
29856,06049000,出荷 その他,060271000,エチルアルコール（95％換算） 計 (27～28) (kl),0024000000,平成24年
46960,06049000,出荷 その他,060271000,エチルアルコール（95％換算） 計 (27～28) (kl),0022010000,平成22年度
29830,06049000,出荷 その他,060271000,エチルアルコール（95％換算） 計 (27～28) (kl),0023010000,平成23年度
5844,06049000,出荷 その他,060271000,エチルアルコール（95％換算） 計 (27～28) (kl),0024000103,平成24年 1 ～ 3 月
7271,06049000,出荷 その他,060271000,エチルアルコール（95％換算） 計 (27～28) (kl),0024000406,平成24年 4 ～ 6 月
8337,06049000,出荷 その他,060271000,エチルアルコール（95％換算） 計 (27～28) (kl),0024000709,平成24年 7 ～ 9 月
8404,06049000,出荷 その他,060271000,エチルアルコール（95％換算） 計 (27～28) (kl),0024001012,平成24年 10 ～ 12 月
2421,06049000,出荷 その他,060271000,エチルアルコール（95％換算） 計 (27～28) (kl),0024000101,平成24年1月
1207,06049000,出荷 その他,060271000,エチルアルコール（95％換算） 計 (27～28) (kl),0024000202,平成24年2月
2216,06049000,出荷 その他,060271000,エチルアルコール（95％換算） 計 (27～28) (kl),0024000303,平成24年3月
2425,06049000,出荷 その他,060271000,エチルアルコール（95％換算） 計 (27～28) (kl),0024000404,平成24年4月
1604,06049000,出荷 その他,060271000,エチルアルコール（95％換算） 計 (27～28) (kl),0024000505,平成24年5月
3242,06049000,出荷 その他,060271000,エチルアルコール（95％換算） 計 (27～28) (kl),0024000606,平成24年6月
2947,06049000,出荷 その他,060271000,エチルアルコール（95％換算） 計 (27～28) (kl),0024000707,平成24年7月
2152,06049000,出荷 その他,060271000,エチルアルコール（95％換算） 計 (27～28) (kl),0024000808,平成24年8月
3238,06049000,出荷 その他,060271000,エチルアルコール（95％換算） 計 (27～28) (kl),0024000909,平成24年9月
3291,06049000,出荷 その他,060271000,エチルアルコール（95％換算） 計 (27～28) (kl),0024001010,平成24年10月
2817,06049000,出荷 その他,060271000,エチルアルコール（95％換算） 計 (27～28) (kl),0024001111,平成24年11月
2296,06049000,出荷 その他,060271000,エチルアルコール（95％換算） 計 (27～28) (kl),0024001212,平成24年12月
X,06049000,出荷 その他,060271100,エチルアルコール（95％換算） 発酵エチルアルコール（95％換算） (27) (kl),0020000000,平成20年
X,06049000,出荷 その他,060271100,エチルアルコール（95％換算） 発酵エチルアルコール（95％換算） (27) (kl),0021000000,平成21年
X,06049000,出荷 その他,060271100,エチルアルコール（95％換算） 発酵エチルアルコール（95％換算） (27) (kl),0022000000,平成22年
X,06049000,出荷 その他,060271100,エチルアルコール（95％換算） 発酵エチルアルコール（95％換算） (27) (kl),0023000000,平成23年
X,06049000,出荷 その他,060271100,エチルアルコール（95％換算） 発酵エチルアルコール（95％換算） (27) (kl),0024000000,平成24年
X,06049000,出荷 その他,060271100,エチルアルコール（95％換算） 発酵エチルアルコール（95％換算） (27) (kl),0022010000,平成22年度
X,06049000,出荷 その他,060271100,エチルアルコール（95％換算） 発酵エチルアルコール（95％換算） (27) (kl),0023010000,平成23年度
X,06049000,出荷 その他,060271100,エチルアルコール（95％換算） 発酵エチルアルコール（95％換算） (27) (kl),0024000103,平成24年 1 ～ 3 月
X,06049000,出荷 その他,060271100,エチルアルコール（95％換算） 発酵エチルアルコール（95％換算） (27) (kl),0024000406,平成24年 4 ～ 6 月
X,06049000,出荷 その他,060271100,エチルアルコール（95％換算） 発酵エチルアルコール（95％換算） (27) (kl),0024000709,平成24年 7 ～ 9 月
X,06049000,出荷 その他,060271100,エチルアルコール（95％換算） 発酵エチルアルコール（95％換算） (27) (kl),0024001012,平成24年 10 ～ 12 月
X,06049000,出荷 その他,060271100,エチルアルコール（95％換算） 発酵エチルアルコール（95％換算） (27) (kl),0024000101,平成24年1月
X,06049000,出荷 その他,060271100,エチルアルコール（95％換算） 発酵エチルアルコール（95％換算） (27) (kl),0024000202,平成24年2月
X,06049000,出荷 その他,060271100,エチルアルコール（95％換算） 発酵エチルアルコール（95％換算） (27) (kl),0024000303,平成24年3月
X,06049000,出荷 その他,060271100,エチルアルコール（95％換算） 発酵エチルアルコール（95％換算） (27) (kl),0024000404,平成24年4月
X,06049000,出荷 その他,060271100,エチルアルコール（95％換算） 発酵エチルアルコール（95％換算） (27) (kl),0024000505,平成24年5月
X,06049000,出荷 その他,060271100,エチルアルコール（95％換算） 発酵エチルアルコール（95％換算） (27) (kl),0024000606,平成24年6月
X,06049000,出荷 その他,060271100,エチルアルコール（95％換算） 発酵エチルアルコール（95％換算） (27) (kl),0024000707,平成24年7月
X,06049000,出荷 その他,060271100,エチルアルコール（95％換算） 発酵エチルアルコール（95％換算） (27) (kl),0024000808,平成24年8月
X,06049000,出荷 その他,060271100,エチルアルコール（95％換算） 発酵エチルアルコール（95％換算） (27) (kl),0024000909,平成24年9月
X,06049000,出荷 その他,060271100,エチルアルコール（95％換算） 発酵エチルアルコール（95％換算） (27) (kl),0024001010,平成24年10月
X,06049000,出荷 その他,060271100,エチルアルコール（95％換算） 発酵エチルアルコール（95％換算） (27) (kl),0024001111,平成24年11月
X,06049000,出荷 その他,060271100,エチルアルコール（95％換算） 発酵エチルアルコール（95％換算） (27) (kl),0024001212,平成24年12月
X,06049000,出荷 その他,060271200,エチルアルコール（95％換算） エチルアルコール（95％換算） (28) (kl),0020000000,平成20年
X,06049000,出荷 その他,060271200,エチルアルコール（95％換算） エチルアルコール（95％換算） (28) (kl),0021000000,平成21年
X,06049000,出荷 その他,060271200,エチルアルコール（95％換算） エチルアルコール（95％換算） (28) (kl),0022000000,平成22年
X,06049000,出荷 その他,060271200,エチルアルコール（95％換算） エチルアルコール（95％換算） (28) (kl),0023000000,平成23年
X,06049000,出荷 その他,060271200,エチルアルコール（95％換算） エチルアルコール（95％換算） (28) (kl),0024000000,平成24年
X,06049000,出荷 その他,060271200,エチルアルコール（95％換算） エチルアルコール（95％換算） (28) (kl),0022010000,平成22年度
X,06049000,出荷 その他,060271200,エチルアルコール（95％換算） エチルアルコール（95％換算） (28) (kl),0023010000,平成23年度
X,06049000,出荷 その他,060271200,エチルアルコール（95％換算） エチルアルコール（95％換算） (28) (kl),0024000103,平成24年 1 ～ 3 月
X,06049000,出荷 その他,060271200,エチルアルコール（95％換算） エチルアルコール（95％換算） (28) (kl),0024000406,平成24年 4 ～ 6 月
X,06049000,出荷 その他,060271200,エチルアルコール（95％換算） エチルアルコール（95％換算） (28) (kl),0024000709,平成24年 7 ～ 9 月
X,06049000,出荷 その他,060271200,エチルアルコール（95％換算） エチルアルコール（95％換算） (28) (kl),0024001012,平成24年 10 ～ 12 月
X,06049000,出荷 その他,060271200,エチルアルコール（95％換算） エチルアルコール（95％換算） (28) (kl),0024000101,平成24年1月
X,06049000,出荷 その他,060271200,エチルアルコール（95％換算） エチルアルコール（95％換算） (28) (kl),0024000202,平成24年2月
X,06049000,出荷 その他,060271200,エチルアルコール（95％換算） エチルアルコール（95％換算） (28) (kl),0024000303,平成24年3月
X,06049000,出荷 その他,060271200,エチルアルコール（95％換算） エチルアルコール（95％換算） (28) (kl),0024000404,平成24年4月
X,06049000,出荷 その他,060271200,エチルアルコール（95％換算） エチルアルコール（95％換算） (28) (kl),0024000505,平成24年5月
X,06049000,出荷 その他,060271200,エチルアルコール（95％換算） エチルアルコール（95％換算） (28) (kl),0024000606,平成24年6月
X,06049000,出荷 その他,060271200,エチルアルコール（95％換算） エチルアルコール（95％換算） (28) (kl),0024000707,平成24年7月
X,06049000,出荷 その他,060271200,エチルアルコール（95％換算） エチルアルコール（95％換算） (28) (kl),0024000808,平成24年8月
X,06049000,出荷 その他,060271200,エチルアルコール（95％換算） エチルアルコール（95％換算） (28) (kl),0024000909,平成24年9月
X,06049000,出荷 その他,060271200,エチルアルコール（95％換算） エチルアルコール（95％換算） (28) (kl),0024001010,平成24年10月
X,06049000,出荷 その他,060271200,エチルアルコール（95％換算） エチルアルコール（95％換算） (28) (kl),0024001111,平成24年11月
X,06049000,出荷 その他,060271200,エチルアルコール（95％換算） エチルアルコール（95％換算） (28) (kl),0024001212,平成24年12月
-,06049000,出荷 その他,060280000,無水酢酸 (29) (t),0020000000,平成20年
-,06049000,出荷 その他,060280000,無水酢酸 (29) (t),0021000000,平成21年
-,06049000,出荷 その他,060280000,無水酢酸 (29) (t),0022000000,平成22年
X,06049000,出荷 その他,060280000,無水酢酸 (29) (t),0023000000,平成23年
X,06049000,出荷 その他,060280000,無水酢酸 (29) (t),0024000000,平成24年
X,06049000,出荷 その他,060280000,無水酢酸 (29) (t),0022010000,平成22年度
X,06049000,出荷 その他,060280000,無水酢酸 (29) (t),0023010000,平成23年度
X,06049000,出荷 その他,060280000,無水酢酸 (29) (t),0024000103,平成24年 1 ～ 3 月
X,06049000,出荷 その他,060280000,無水酢酸 (29) (t),0024000406,平成24年 4 ～ 6 月
X,06049000,出荷 その他,060280000,無水酢酸 (29) (t),0024000709,平成24年 7 ～ 9 月
X,06049000,出荷 その他,060280000,無水酢酸 (29) (t),0024001012,平成24年 10 ～ 12 月
X,06049000,出荷 その他,060280000,無水酢酸 (29) (t),0024000101,平成24年1月
X,06049000,出荷 その他,060280000,無水酢酸 (29) (t),0024000202,平成24年2月
X,06049000,出荷 その他,060280000,無水酢酸 (29) (t),0024000303,平成24年3月
X,06049000,出荷 その他,060280000,無水酢酸 (29) (t),0024000404,平成24年4月
X,06049000,出荷 その他,060280000,無水酢酸 (29) (t),0024000505,平成24年5月
X,06049000,出荷 その他,060280000,無水酢酸 (29) (t),0024000606,平成24年6月
X,06049000,出荷 その他,060280000,無水酢酸 (29) (t),0024000707,平成24年7月
X,06049000,出荷 その他,060280000,無水酢酸 (29) (t),0024000808,平成24年8月
X,06049000,出荷 その他,060280000,無水酢酸 (29) (t),0024000909,平成24年9月
X,06049000,出荷 その他,060280000,無水酢酸 (29) (t),0024001010,平成24年10月
X,06049000,出荷 その他,060280000,無水酢酸 (29) (t),0024001111,平成24年11月
X,06049000,出荷 その他,060280000,無水酢酸 (29) (t),0024001212,平成24年12月
123,06049000,出荷 その他,060290000,トリクロルエチレン (30) (t),0020000000,平成20年
11411,06049000,出荷 その他,060290000,トリクロルエチレン (30) (t),0021000000,平成21年
-,06049000,出荷 その他,060290000,トリクロルエチレン (30) (t),0022000000,平成22年
X,06049000,出荷 その他,060290000,トリクロルエチレン (30) (t),0023000000,平成23年
X,06049000,出荷 その他,060290000,トリクロルエチレン (30) (t),0024000000,平成24年
X,06049000,出荷 その他,060290000,トリクロルエチレン (30) (t),0022010000,平成22年度
X,06049000,出荷 その他,060290000,トリクロルエチレン (30) (t),0023010000,平成23年度
X,06049000,出荷 その他,060290000,トリクロルエチレン (30) (t),0024000103,平成24年 1 ～ 3 月
X,06049000,出荷 その他,060290000,トリクロルエチレン (30) (t),0024000406,平成24年 4 ～ 6 月
X,06049000,出荷 その他,060290000,トリクロルエチレン (30) (t),0024000709,平成24年 7 ～ 9 月
X,06049000,出荷 その他,060290000,トリクロルエチレン (30) (t),0024001012,平成24年 10 ～ 12 月
X,06049000,出荷 その他,060290000,トリクロルエチレン (30) (t),0024000101,平成24年1月
X,06049000,出荷 その他,060290000,トリクロルエチレン (30) (t),0024000202,平成24年2月
X,06049000,出荷 その他,060290000,トリクロルエチレン (30) (t),0024000303,平成24年3月
X,06049000,出荷 その他,060290000,トリクロルエチレン (30) (t),0024000404,平成24年4月
X,06049000,出荷 その他,060290000,トリクロルエチレン (30) (t),0024000505,平成24年5月
X,06049000,出荷 その他,060290000,トリクロルエチレン (30) (t),0024000606,平成24年6月
X,06049000,出荷 その他,060290000,トリクロルエチレン (30) (t),0024000707,平成24年7月
X,06049000,出荷 その他,060290000,トリクロルエチレン (30) (t),0024000808,平成24年8月
X,06049000,出荷 その他,060290000,トリクロルエチレン (30) (t),0024000909,平成24年9月
X,06049000,出荷 その他,060290000,トリクロルエチレン (30) (t),0024001010,平成24年10月
X,06049000,出荷 その他,060290000,トリクロルエチレン (30) (t),0024001111,平成24年11月
X,06049000,出荷 その他,060290000,トリクロルエチレン (30) (t),0024001212,平成24年12月
244,06049000,出荷 その他,060300000,ホルマリン (31) (t),0020000000,平成20年
11,06049000,出荷 その他,060300000,ホルマリン (31) (t),0021000000,平成21年
6,06049000,出荷 その他,060300000,ホルマリン (31) (t),0022000000,平成22年
9,06049000,出荷 その他,060300000,ホルマリン (31) (t),0023000000,平成23年
5,06049000,出荷 その他,060300000,ホルマリン (31) (t),0024000000,平成24年
11,06049000,出荷 その他,060300000,ホルマリン (31) (t),0022010000,平成22年度
6,06049000,出荷 その他,060300000,ホルマリン (31) (t),0023010000,平成23年度
2,06049000,出荷 その他,060300000,ホルマリン (31) (t),0024000103,平成24年 1 ～ 3 月
3,06049000,出荷 その他,060300000,ホルマリン (31) (t),0024000406,平成24年 4 ～ 6 月
-,06049000,出荷 その他,060300000,ホルマリン (31) (t),0024000709,平成24年 7 ～ 9 月
-,06049000,出荷 その他,060300000,ホルマリン (31) (t),0024001012,平成24年 10 ～ 12 月
-,06049000,出荷 その他,060300000,ホルマリン (31) (t),0024000101,平成24年1月
-,06049000,出荷 その他,060300000,ホルマリン (31) (t),0024000202,平成24年2月
2,06049000,出荷 その他,060300000,ホルマリン (31) (t),0024000303,平成24年3月
2,06049000,出荷 その他,060300000,ホルマリン (31) (t),0024000404,平成24年4月
1,06049000,出荷 その他,060300000,ホルマリン (31) (t),0024000505,平成24年5月
-,06049000,出荷 その他,060300000,ホルマリン (31) (t),0024000606,平成24年6月
-,06049000,出荷 その他,060300000,ホルマリン (31) (t),0024000707,平成24年7月
-,06049000,出荷 その他,060300000,ホルマリン (31) (t),0024000808,平成24年8月
-,06049000,出荷 その他,060300000,ホルマリン (31) (t),0024000909,平成24年9月
-,06049000,出荷 その他,060300000,ホルマリン (31) (t),0024001010,平成24年10月
-,06049000,出荷 その他,060300000,ホルマリン (31) (t),0024001111,平成24年11月
-,06049000,出荷 その他,060300000,ホルマリン (31) (t),0024001212,平成24年12月
-,06049000,出荷 その他,060310000,塩化メチル (32) (t),0020000000,平成20年
-,06049000,出荷 その他,060310000,塩化メチル (32) (t),0021000000,平成21年
-,06049000,出荷 その他,060310000,塩化メチル (32) (t),0022000000,平成22年
-,06049000,出荷 その他,060310000,塩化メチル (32) (t),0023000000,平成23年
-,06049000,出荷 その他,060310000,塩化メチル (32) (t),0024000000,平成24年
-,06049000,出荷 その他,060310000,塩化メチル (32) (t),0022010000,平成22年度
-,06049000,出荷 その他,060310000,塩化メチル (32) (t),0023010000,平成23年度
-,06049000,出荷 その他,060310000,塩化メチル (32) (t),0024000103,平成24年 1 ～ 3 月
-,06049000,出荷 その他,060310000,塩化メチル (32) (t),0024000406,平成24年 4 ～ 6 月
-,06049000,出荷 その他,060310000,塩化メチル (32) (t),0024000709,平成24年 7 ～ 9 月
-,06049000,出荷 その他,060310000,塩化メチル (32) (t),0024001012,平成24年 10 ～ 12 月
-,06049000,出荷 その他,060310000,塩化メチル (32) (t),0024000101,平成24年1月
-,06049000,出荷 その他,060310000,塩化メチル (32) (t),0024000202,平成24年2月
-,06049000,出荷 その他,060310000,塩化メチル (32) (t),0024000303,平成24年3月
-,06049000,出荷 その他,060310000,塩化メチル (32) (t),0024000404,平成24年4月
-,06049000,出荷 その他,060310000,塩化メチル (32) (t),0024000505,平成24年5月
-,06049000,出荷 その他,060310000,塩化メチル (32) (t),0024000606,平成24年6月
-,06049000,出荷 その他,060310000,塩化メチル (32) (t),0024000707,平成24年7月
-,06049000,出荷 その他,060310000,塩化メチル (32) (t),0024000808,平成24年8月
-,06049000,出荷 その他,060310000,塩化メチル (32) (t),0024000909,平成24年9月
-,06049000,出荷 その他,060310000,塩化メチル (32) (t),0024001010,平成24年10月
-,06049000,出荷 その他,060310000,塩化メチル (32) (t),0024001111,平成24年11月
-,06049000,出荷 その他,060310000,塩化メチル (32) (t),0024001212,平成24年12月
4238,06049000,出荷 その他,060320000,塩化メチレン (33) (t),0020000000,平成20年
4929,06049000,出荷 その他,060320000,塩化メチレン (33) (t),0021000000,平成21年
4312,06049000,出荷 その他,060320000,塩化メチレン (33) (t),0022000000,平成22年
5271,06049000,出荷 その他,060320000,塩化メチレン (33) (t),0023000000,平成23年
5522,06049000,出荷 その他,060320000,塩化メチレン (33) (t),0024000000,平成24年
4333,06049000,出荷 その他,060320000,塩化メチレン (33) (t),0022010000,平成22年度
5413,06049000,出荷 その他,060320000,塩化メチレン (33) (t),0023010000,平成23年度
1223,06049000,出荷 その他,060320000,塩化メチレン (33) (t),0024000103,平成24年 1 ～ 3 月
1111,06049000,出荷 その他,060320000,塩化メチレン (33) (t),0024000406,平成24年 4 ～ 6 月
829,06049000,出荷 その他,060320000,塩化メチレン (33) (t),0024000709,平成24年 7 ～ 9 月
2359,06049000,出荷 その他,060320000,塩化メチレン (33) (t),0024001012,平成24年 10 ～ 12 月
604,06049000,出荷 その他,060320000,塩化メチレン (33) (t),0024000101,平成24年1月
424,06049000,出荷 その他,060320000,塩化メチレン (33) (t),0024000202,平成24年2月
195,06049000,出荷 その他,060320000,塩化メチレン (33) (t),0024000303,平成24年3月
522,06049000,出荷 その他,060320000,塩化メチレン (33) (t),0024000404,平成24年4月
321,06049000,出荷 その他,060320000,塩化メチレン (33) (t),0024000505,平成24年5月
268,06049000,出荷 その他,060320000,塩化メチレン (33) (t),0024000606,平成24年6月
346,06049000,出荷 その他,060320000,塩化メチレン (33) (t),0024000707,平成24年7月
365,06049000,出荷 その他,060320000,塩化メチレン (33) (t),0024000808,平成24年8月
118,06049000,出荷 その他,060320000,塩化メチレン (33) (t),0024000909,平成24年9月
932,06049000,出荷 その他,060320000,塩化メチレン (33) (t),0024001010,平成24年10月
946,06049000,出荷 その他,060320000,塩化メチレン (33) (t),0024001111,平成24年11月
481,06049000,出荷 その他,060320000,塩化メチレン (33) (t),0024001212,平成24年12月
12670,06049000,出荷 その他,060330000,無水マレイン酸 (34) (t),0020000000,平成20年
10611,06049000,出荷 その他,060330000,無水マレイン酸 (34) (t),0021000000,平成21年
1523,06049000,出荷 その他,060330000,無水マレイン酸 (34) (t),0022000000,平成22年
29,06049000,出荷 その他,060330000,無水マレイン酸 (34) (t),0023000000,平成23年
31,06049000,出荷 その他,060330000,無水マレイン酸 (34) (t),0024000000,平成24年
24,06049000,出荷 その他,060330000,無水マレイン酸 (34) (t),0022010000,平成22年度
36,06049000,出荷 その他,060330000,無水マレイン酸 (34) (t),0023010000,平成23年度
7,06049000,出荷 その他,060330000,無水マレイン酸 (34) (t),0024000103,平成24年 1 ～ 3 月
8,06049000,出荷 その他,060330000,無水マレイン酸 (34) (t),0024000406,平成24年 4 ～ 6 月
14,06049000,出荷 その他,060330000,無水マレイン酸 (34) (t),0024000709,平成24年 7 ～ 9 月
2,06049000,出荷 その他,060330000,無水マレイン酸 (34) (t),0024001012,平成24年 10 ～ 12 月
-,06049000,出荷 その他,060330000,無水マレイン酸 (34) (t),0024000101,平成24年1月
7,06049000,出荷 その他,060330000,無水マレイン酸 (34) (t),0024000202,平成24年2月
-,06049000,出荷 その他,060330000,無水マレイン酸 (34) (t),0024000303,平成24年3月
7,06049000,出荷 その他,060330000,無水マレイン酸 (34) (t),0024000404,平成24年4月
-,06049000,出荷 その他,060330000,無水マレイン酸 (34) (t),0024000505,平成24年5月
1,06049000,出荷 その他,060330000,無水マレイン酸 (34) (t),0024000606,平成24年6月
7,06049000,出荷 その他,060330000,無水マレイン酸 (34) (t),0024000707,平成24年7月
-,06049000,出荷 その他,060330000,無水マレイン酸 (34) (t),0024000808,平成24年8月
7,06049000,出荷 その他,060330000,無水マレイン酸 (34) (t),0024000909,平成24年9月
1,06049000,出荷 その他,060330000,無水マレイン酸 (34) (t),0024001010,平成24年10月
-,06049000,出荷 その他,060330000,無水マレイン酸 (34) (t),0024001111,平成24年11月
1,06049000,出荷 その他,060330000,無水マレイン酸 (34) (t),0024001212,平成24年12月
2142,06049000,出荷 その他,060340000,メラミン (35) (t),0020000000,平成20年
140,06049000,出荷 その他,060340000,メラミン (35) (t),0021000000,平成21年
321,06049000,出荷 その他,060340000,メラミン (35) (t),0022000000,平成22年
X,06049000,出荷 その他,060340000,メラミン (35) (t),0023000000,平成23年
X,06049000,出荷 その他,060340000,メラミン (35) (t),0024000000,平成24年
X,06049000,出荷 その他,060340000,メラミン (35) (t),0022010000,平成22年度
X,06049000,出荷 その他,060340000,メラミン (35) (t),0023010000,平成23年度
X,06049000,出荷 その他,060340000,メラミン (35) (t),0024000103,平成24年 1 ～ 3 月
X,06049000,出荷 その他,060340000,メラミン (35) (t),0024000406,平成24年 4 ～ 6 月
X,06049000,出荷 その他,060340000,メラミン (35) (t),0024000709,平成24年 7 ～ 9 月
X,06049000,出荷 その他,060340000,メラミン (35) (t),0024001012,平成24年 10 ～ 12 月
X,06049000,出荷 その他,060340000,メラミン (35) (t),0024000101,平成24年1月
X,06049000,出荷 その他,060340000,メラミン (35) (t),0024000202,平成24年2月
X,06049000,出荷 その他,060340000,メラミン (35) (t),0024000303,平成24年3月
X,06049000,出荷 その他,060340000,メラミン (35) (t),0024000404,平成24年4月
X,06049000,出荷 その他,060340000,メラミン (35) (t),0024000505,平成24年5月
X,06049000,出荷 その他,060340000,メラミン (35) (t),0024000606,平成24年6月
X,06049000,出荷 その他,060340000,メラミン (35) (t),0024000707,平成24年7月
X,06049000,出荷 その他,060340000,メラミン (35) (t),0024000808,平成24年8月
X,06049000,出荷 その他,060340000,メラミン (35) (t),0024000909,平成24年9月
X,06049000,出荷 その他,060340000,メラミン (35) (t),0024001010,平成24年10月
X,06049000,出荷 その他,060340000,メラミン (35) (t),0024001111,平成24年11月
X,06049000,出荷 その他,060340000,メラミン (35) (t),0024001212,平成24年12月
-,06049000,出荷 その他,060351000,可塑剤 フタル酸系可塑剤 (36) (t),0020000000,平成20年
3,06049000,出荷 その他,060351000,可塑剤 フタル酸系可塑剤 (36) (t),0021000000,平成21年
-,06049000,出荷 その他,060351000,可塑剤 フタル酸系可塑剤 (36) (t),0022000000,平成22年
3970,06049000,出荷 その他,060351000,可塑剤 フタル酸系可塑剤 (36) (t),0023000000,平成23年
3220,06049000,出荷 その他,060351000,可塑剤 フタル酸系可塑剤 (36) (t),0024000000,平成24年
1500,06049000,出荷 その他,060351000,可塑剤 フタル酸系可塑剤 (36) (t),0022010000,平成22年度
2470,06049000,出荷 その他,060351000,可塑剤 フタル酸系可塑剤 (36) (t),0023010000,平成23年度
-,06049000,出荷 その他,060351000,可塑剤 フタル酸系可塑剤 (36) (t),0024000103,平成24年 1 ～ 3 月
-,06049000,出荷 その他,060351000,可塑剤 フタル酸系可塑剤 (36) (t),0024000406,平成24年 4 ～ 6 月
-,06049000,出荷 その他,060351000,可塑剤 フタル酸系可塑剤 (36) (t),0024000709,平成24年 7 ～ 9 月
3220,06049000,出荷 その他,060351000,可塑剤 フタル酸系可塑剤 (36) (t),0024001012,平成24年 10 ～ 12 月
-,06049000,出荷 その他,060351000,可塑剤 フタル酸系可塑剤 (36) (t),0024000101,平成24年1月
-,06049000,出荷 その他,060351000,可塑剤 フタル酸系可塑剤 (36) (t),0024000202,平成24年2月
-,06049000,出荷 その他,060351000,可塑剤 フタル酸系可塑剤 (36) (t),0024000303,平成24年3月
-,06049000,出荷 その他,060351000,可塑剤 フタル酸系可塑剤 (36) (t),0024000404,平成24年4月
-,06049000,出荷 その他,060351000,可塑剤 フタル酸系可塑剤 (36) (t),0024000505,平成24年5月
-,06049000,出荷 その他,060351000,可塑剤 フタル酸系可塑剤 (36) (t),0024000606,平成24年6月
-,06049000,出荷 その他,060351000,可塑剤 フタル酸系可塑剤 (36) (t),0024000707,平成24年7月
-,06049000,出荷 その他,060351000,可塑剤 フタル酸系可塑剤 (36) (t),0024000808,平成24年8月
-,06049000,出荷 その他,060351000,可塑剤 フタル酸系可塑剤 (36) (t),0024000909,平成24年9月
-,06049000,出荷 その他,060351000,可塑剤 フタル酸系可塑剤 (36) (t),0024001010,平成24年10月
1120,06049000,出荷 その他,060351000,可塑剤 フタル酸系可塑剤 (36) (t),0024001111,平成24年11月
2100,06049000,出荷 その他,060351000,可塑剤 フタル酸系可塑剤 (36) (t),0024001212,平成24年12月
-,06049000,出荷 その他,060352000,可塑剤 りん酸系可塑剤 (37) (t),0020000000,平成20年
-,06049000,出荷 その他,060352000,可塑剤 りん酸系可塑剤 (37) (t),0021000000,平成21年
75,06049000,出荷 その他,060352000,可塑剤 りん酸系可塑剤 (37) (t),0022000000,平成22年
-,06049000,出荷 その他,060352000,可塑剤 りん酸系可塑剤 (37) (t),0023000000,平成23年
-,06049000,出荷 その他,060352000,可塑剤 りん酸系可塑剤 (37) (t),0024000000,平成24年
-,06049000,出荷 その他,060352000,可塑剤 りん酸系可塑剤 (37) (t),0022010000,平成22年度
-,06049000,出荷 その他,060352000,可塑剤 りん酸系可塑剤 (37) (t),0023010000,平成23年度
-,06049000,出荷 その他,060352000,可塑剤 りん酸系可塑剤 (37) (t),0024000103,平成24年 1 ～ 3 月
-,06049000,出荷 その他,060352000,可塑剤 りん酸系可塑剤 (37) (t),0024000406,平成24年 4 ～ 6 月
-,06049000,出荷 その他,060352000,可塑剤 りん酸系可塑剤 (37) (t),0024000709,平成24年 7 ～ 9 月
-,06049000,出荷 その他,060352000,可塑剤 りん酸系可塑剤 (37) (t),0024001012,平成24年 10 ～ 12 月
-,06049000,出荷 その他,060352000,可塑剤 りん酸系可塑剤 (37) (t),0024000101,平成24年1月
-,06049000,出荷 その他,060352000,可塑剤 りん酸系可塑剤 (37) (t),0024000202,平成24年2月
-,06049000,出荷 その他,060352000,可塑剤 りん酸系可塑剤 (37) (t),0024000303,平成24年3月
-,06049000,出荷 その他,060352000,可塑剤 りん酸系可塑剤 (37) (t),0024000404,平成24年4月
-,06049000,出荷 その他,060352000,可塑剤 りん酸系可塑剤 (37) (t),0024000505,平成24年5月
-,06049000,出荷 その他,060352000,可塑剤 りん酸系可塑剤 (37) (t),0024000606,平成24年6月
-,06049000,出荷 その他,060352000,可塑剤 りん酸系可塑剤 (37) (t),0024000707,平成24年7月
-,06049000,出荷 その他,060352000,可塑剤 りん酸系可塑剤 (37) (t),0024000808,平成24年8月
-,06049000,出荷 その他,060352000,可塑剤 りん酸系可塑剤 (37) (t),0024000909,平成24年9月
-,06049000,出荷 その他,060352000,可塑剤 りん酸系可塑剤 (37) (t),0024001010,平成24年10月
-,06049000,出荷 その他,060352000,可塑剤 りん酸系可塑剤 (37) (t),0024001111,平成24年11月
-,06049000,出荷 その他,060352000,可塑剤 りん酸系可塑剤 (37) (t),0024001212,平成24年12月
4280,06049000,出荷 その他,060353000,可塑剤 エポキシ系可塑剤 (38) (t),0020000000,平成20年
2764,06049000,出荷 その他,060353000,可塑剤 エポキシ系可塑剤 (38) (t),0021000000,平成21年
2773,06049000,出荷 その他,060353000,可塑剤 エポキシ系可塑剤 (38) (t),0022000000,平成22年
2383,06049000,出荷 その他,060353000,可塑剤 エポキシ系可塑剤 (38) (t),0023000000,平成23年
2415,06049000,出荷 その他,060353000,可塑剤 エポキシ系可塑剤 (38) (t),0024000000,平成24年
2872,06049000,出荷 その他,060353000,可塑剤 エポキシ系可塑剤 (38) (t),0022010000,平成22年度
2158,06049000,出荷 その他,060353000,可塑剤 エポキシ系可塑剤 (38) (t),0023010000,平成23年度
556,06049000,出荷 その他,060353000,可塑剤 エポキシ系可塑剤 (38) (t),0024000103,平成24年 1 ～ 3 月
665,06049000,出荷 その他,060353000,可塑剤 エポキシ系可塑剤 (38) (t),0024000406,平成24年 4 ～ 6 月
598,06049000,出荷 その他,060353000,可塑剤 エポキシ系可塑剤 (38) (t),0024000709,平成24年 7 ～ 9 月
596,06049000,出荷 その他,060353000,可塑剤 エポキシ系可塑剤 (38) (t),0024001012,平成24年 10 ～ 12 月
203,06049000,出荷 その他,060353000,可塑剤 エポキシ系可塑剤 (38) (t),0024000101,平成24年1月
179,06049000,出荷 その他,060353000,可塑剤 エポキシ系可塑剤 (38) (t),0024000202,平成24年2月
174,06049000,出荷 その他,060353000,可塑剤 エポキシ系可塑剤 (38) (t),0024000303,平成24年3月
237,06049000,出荷 その他,060353000,可塑剤 エポキシ系可塑剤 (38) (t),0024000404,平成24年4月
201,06049000,出荷 その他,060353000,可塑剤 エポキシ系可塑剤 (38) (t),0024000505,平成24年5月
227,06049000,出荷 その他,060353000,可塑剤 エポキシ系可塑剤 (38) (t),0024000606,平成24年6月
214,06049000,出荷 その他,060353000,可塑剤 エポキシ系可塑剤 (38) (t),0024000707,平成24年7月
184,06049000,出荷 その他,060353000,可塑剤 エポキシ系可塑剤 (38) (t),0024000808,平成24年8月
200,06049000,出荷 その他,060353000,可塑剤 エポキシ系可塑剤 (38) (t),0024000909,平成24年9月
220,06049000,出荷 その他,060353000,可塑剤 エポキシ系可塑剤 (38) (t),0024001010,平成24年10月
196,06049000,出荷 その他,060353000,可塑剤 エポキシ系可塑剤 (38) (t),0024001111,平成24年11月
180,06049000,出荷 その他,060353000,可塑剤 エポキシ系可塑剤 (38) (t),0024001212,平成24年12月
61366,06050000,在庫,060010000,エチレン (1) (t),0020000000,平成20年
53551,06050000,在庫,060010000,エチレン (1) (t),0021000000,平成21年
50605,06050000,在庫,060010000,エチレン (1) (t),0022000000,平成22年
56813,06050000,在庫,060010000,エチレン (1) (t),0023000000,平成23年
50278,06050000,在庫,060010000,エチレン (1) (t),0024000000,平成24年
58752,06050000,在庫,060010000,エチレン (1) (t),0022010000,平成22年度
59620,06050000,在庫,060010000,エチレン (1) (t),0023010000,平成23年度
59620,06050000,在庫,060010000,エチレン (1) (t),0024000103,平成24年 1 ～ 3 月
69233,06050000,在庫,060010000,エチレン (1) (t),0024000406,平成24年 4 ～ 6 月
62932,06050000,在庫,060010000,エチレン (1) (t),0024000709,平成24年 7 ～ 9 月
50278,06050000,在庫,060010000,エチレン (1) (t),0024001012,平成24年 10 ～ 12 月
49362,06050000,在庫,060010000,エチレン (1) (t),0024000101,平成24年1月
60053,06050000,在庫,060010000,エチレン (1) (t),0024000202,平成24年2月
59620,06050000,在庫,060010000,エチレン (1) (t),0024000303,平成24年3月
59184,06050000,在庫,060010000,エチレン (1) (t),0024000404,平成24年4月
62704,06050000,在庫,060010000,エチレン (1) (t),0024000505,平成24年5月
69233,06050000,在庫,060010000,エチレン (1) (t),0024000606,平成24年6月
54595,06050000,在庫,060010000,エチレン (1) (t),0024000707,平成24年7月
68551,06050000,在庫,060010000,エチレン (1) (t),0024000808,平成24年8月
62932,06050000,在庫,060010000,エチレン (1) (t),0024000909,平成24年9月
47571,06050000,在庫,060010000,エチレン (1) (t),0024001010,平成24年10月
62649,06050000,在庫,060010000,エチレン (1) (t),0024001111,平成24年11月
50278,06050000,在庫,060010000,エチレン (1) (t),0024001212,平成24年12月
7134,06050000,在庫,060020000,酸化エチレン (2) (t),0020000000,平成20年
5500,06050000,在庫,060020000,酸化エチレン (2) (t),0021000000,平成21年
6403,06050000,在庫,060020000,酸化エチレン (2) (t),0022000000,平成22年
6804,06050000,在庫,060020000,酸化エチレン (2) (t),0023000000,平成23年
5418,06050000,在庫,060020000,酸化エチレン (2) (t),0024000000,平成24年
8690,06050000,在庫,060020000,酸化エチレン (2) (t),0022010000,平成22年度
7393,06050000,在庫,060020000,酸化エチレン (2) (t),0023010000,平成23年度
7393,06050000,在庫,060020000,酸化エチレン (2) (t),0024000103,平成24年 1 ～ 3 月
5851,06050000,在庫,060020000,酸化エチレン (2) (t),0024000406,平成24年 4 ～ 6 月
6820,06050000,在庫,060020000,酸化エチレン (2) (t),0024000709,平成24年 7 ～ 9 月
5418,06050000,在庫,060020000,酸化エチレン (2) (t),0024001012,平成24年 10 ～ 12 月
7596,06050000,在庫,060020000,酸化エチレン (2) (t),0024000101,平成24年1月
7798,06050000,在庫,060020000,酸化エチレン (2) (t),0024000202,平成24年2月
7393,06050000,在庫,060020000,酸化エチレン (2) (t),0024000303,平成24年3月
5440,06050000,在庫,060020000,酸化エチレン (2) (t),0024000404,平成24年4月
9147,06050000,在庫,060020000,酸化エチレン (2) (t),0024000505,平成24年5月
5851,06050000,在庫,060020000,酸化エチレン (2) (t),0024000606,平成24年6月
4646,06050000,在庫,060020000,酸化エチレン (2) (t),0024000707,平成24年7月
6148,06050000,在庫,060020000,酸化エチレン (2) (t),0024000808,平成24年8月
6820,06050000,在庫,060020000,酸化エチレン (2) (t),0024000909,平成24年9月
6297,06050000,在庫,060020000,酸化エチレン (2) (t),0024001010,平成24年10月
4863,06050000,在庫,060020000,酸化エチレン (2) (t),0024001111,平成24年11月
5418,06050000,在庫,060020000,酸化エチレン (2) (t),0024001212,平成24年12月
43618,06050000,在庫,060030000,エチレングリコール (3) (t),0020000000,平成20年
37112,06050000,在庫,060030000,エチレングリコール (3) (t),0021000000,平成21年
31428,06050000,在庫,060030000,エチレングリコール (3) (t),0022000000,平成22年
28022,06050000,在庫,060030000,エチレングリコール (3) (t),0023000000,平成23年
31327,06050000,在庫,060030000,エチレングリコール (3) (t),0024000000,平成24年
28696,06050000,在庫,060030000,エチレングリコール (3) (t),0022010000,平成22年度
37483,06050000,在庫,060030000,エチレングリコール (3) (t),0023010000,平成23年度
37483,06050000,在庫,060030000,エチレングリコール (3) (t),0024000103,平成24年 1 ～ 3 月
34771,06050000,在庫,060030000,エチレングリコール (3) (t),0024000406,平成24年 4 ～ 6 月
34773,06050000,在庫,060030000,エチレングリコール (3) (t),0024000709,平成24年 7 ～ 9 月
31327,06050000,在庫,060030000,エチレングリコール (3) (t),0024001012,平成24年 10 ～ 12 月
33345,06050000,在庫,060030000,エチレングリコール (3) (t),0024000101,平成24年1月
36716,06050000,在庫,060030000,エチレングリコール (3) (t),0024000202,平成24年2月
37483,06050000,在庫,060030000,エチレングリコール (3) (t),0024000303,平成24年3月
34638,06050000,在庫,060030000,エチレングリコール (3) (t),0024000404,平成24年4月
41006,06050000,在庫,060030000,エチレングリコール (3) (t),0024000505,平成24年5月
34771,06050000,在庫,060030000,エチレングリコール (3) (t),0024000606,平成24年6月
35020,06050000,在庫,060030000,エチレングリコール (3) (t),0024000707,平成24年7月
36435,06050000,在庫,060030000,エチレングリコール (3) (t),0024000808,平成24年8月
34773,06050000,在庫,060030000,エチレングリコール (3) (t),0024000909,平成24年9月
29248,06050000,在庫,060030000,エチレングリコール (3) (t),0024001010,平成24年10月
33651,06050000,在庫,060030000,エチレングリコール (3) (t),0024001111,平成24年11月
31327,06050000,在庫,060030000,エチレングリコール (3) (t),0024001212,平成24年12月
10605,06050000,在庫,060040000,エチレングリコールエーテル (4) (t),0020000000,平成20年
9619,06050000,在庫,060040000,エチレングリコールエーテル (4) (t),0021000000,平成21年
9912,06050000,在庫,060040000,エチレングリコールエーテル (4) (t),0022000000,平成22年
8694,06050000,在庫,060040000,エチレングリコールエーテル (4) (t),0023000000,平成23年
7349,06050000,在庫,060040000,エチレングリコールエーテル (4) (t),0024000000,平成24年
9018,06050000,在庫,060040000,エチレングリコールエーテル (4) (t),0022010000,平成22年度
6340,06050000,在庫,060040000,エチレングリコールエーテル (4) (t),0023010000,平成23年度
6340,06050000,在庫,060040000,エチレングリコールエーテル (4) (t),0024000103,平成24年 1 ～ 3 月
5577,06050000,在庫,060040000,エチレングリコールエーテル (4) (t),0024000406,平成24年 4 ～ 6 月
6493,06050000,在庫,060040000,エチレングリコールエーテル (4) (t),0024000709,平成24年 7 ～ 9 月
7349,06050000,在庫,060040000,エチレングリコールエーテル (4) (t),0024001012,平成24年 10 ～ 12 月
8550,06050000,在庫,060040000,エチレングリコールエーテル (4) (t),0024000101,平成24年1月
7314,06050000,在庫,060040000,エチレングリコールエーテル (4) (t),0024000202,平成24年2月
6340,06050000,在庫,060040000,エチレングリコールエーテル (4) (t),0024000303,平成24年3月
6281,06050000,在庫,060040000,エチレングリコールエーテル (4) (t),0024000404,平成24年4月
6135,06050000,在庫,060040000,エチレングリコールエーテル (4) (t),0024000505,平成24年5月
5577,06050000,在庫,060040000,エチレングリコールエーテル (4) (t),0024000606,平成24年6月
6752,06050000,在庫,060040000,エチレングリコールエーテル (4) (t),0024000707,平成24年7月
6583,06050000,在庫,060040000,エチレングリコールエーテル (4) (t),0024000808,平成24年8月
6493,06050000,在庫,060040000,エチレングリコールエーテル (4) (t),0024000909,平成24年9月
7458,06050000,在庫,060040000,エチレングリコールエーテル (4) (t),0024001010,平成24年10月
6327,06050000,在庫,060040000,エチレングリコールエーテル (4) (t),0024001111,平成24年11月
7349,06050000,在庫,060040000,エチレングリコールエーテル (4) (t),0024001212,平成24年12月
5650,06050000,在庫,060050000,アセトアルデヒド (5) (t),0020000000,平成20年
5680,06050000,在庫,060050000,アセトアルデヒド (5) (t),0021000000,平成21年
4302,06050000,在庫,060050000,アセトアルデヒド (5) (t),0022000000,平成22年
4330,06050000,在庫,060050000,アセトアルデヒド (5) (t),0023000000,平成23年
3937,06050000,在庫,060050000,アセトアルデヒド (5) (t),0024000000,平成24年
2840,06050000,在庫,060050000,アセトアルデヒド (5) (t),0022010000,平成22年度
3628,06050000,在庫,060050000,アセトアルデヒド (5) (t),0023010000,平成23年度
3628,06050000,在庫,060050000,アセトアルデヒド (5) (t),0024000103,平成24年 1 ～ 3 月
2936,06050000,在庫,060050000,アセトアルデヒド (5) (t),0024000406,平成24年 4 ～ 6 月
2374,06050000,在庫,060050000,アセトアルデヒド (5) (t),0024000709,平成24年 7 ～ 9 月
3937,06050000,在庫,060050000,アセトアルデヒド (5) (t),0024001012,平成24年 10 ～ 12 月
5762,06050000,在庫,060050000,アセトアルデヒド (5) (t),0024000101,平成24年1月
4627,06050000,在庫,060050000,アセトアルデヒド (5) (t),0024000202,平成24年2月
3628,06050000,在庫,060050000,アセトアルデヒド (5) (t),0024000303,平成24年3月
4274,06050000,在庫,060050000,アセトアルデヒド (5) (t),0024000404,平成24年4月
3605,06050000,在庫,060050000,アセトアルデヒド (5) (t),0024000505,平成24年5月
2936,06050000,在庫,060050000,アセトアルデヒド (5) (t),0024000606,平成24年6月
4380,06050000,在庫,060050000,アセトアルデヒド (5) (t),0024000707,平成24年7月
3978,06050000,在庫,060050000,アセトアルデヒド (5) (t),0024000808,平成24年8月
2374,06050000,在庫,060050000,アセトアルデヒド (5) (t),0024000909,平成24年9月
4154,06050000,在庫,060050000,アセトアルデヒド (5) (t),0024001010,平成24年10月
3663,06050000,在庫,060050000,アセトアルデヒド (5) (t),0024001111,平成24年11月
3937,06050000,在庫,060050000,アセトアルデヒド (5) (t),0024001212,平成24年12月
8413,06050000,在庫,060060000,酢酸（99%換算） (6) (t),0020000000,平成20年
5718,06050000,在庫,060060000,酢酸（99%換算） (6) (t),0021000000,平成21年
5509,06050000,在庫,060060000,酢酸（99%換算） (6) (t),0022000000,平成22年
6788,06050000,在庫,060060000,酢酸（99%換算） (6) (t),0023000000,平成23年
5072,06050000,在庫,060060000,酢酸（99%換算） (6) (t),0024000000,平成24年
7413,06050000,在庫,060060000,酢酸（99%換算） (6) (t),0022010000,平成22年度
8302,06050000,在庫,060060000,酢酸（99%換算） (6) (t),0023010000,平成23年度
8302,06050000,在庫,060060000,酢酸（99%換算） (6) (t),0024000103,平成24年 1 ～ 3 月
6577,06050000,在庫,060060000,酢酸（99%換算） (6) (t),0024000406,平成24年 4 ～ 6 月
3879,06050000,在庫,060060000,酢酸（99%換算） (6) (t),0024000709,平成24年 7 ～ 9 月
5072,06050000,在庫,060060000,酢酸（99%換算） (6) (t),0024001012,平成24年 10 ～ 12 月
6820,06050000,在庫,060060000,酢酸（99%換算） (6) (t),0024000101,平成24年1月
3140,06050000,在庫,060060000,酢酸（99%換算） (6) (t),0024000202,平成24年2月
8302,06050000,在庫,060060000,酢酸（99%換算） (6) (t),0024000303,平成24年3月
6356,06050000,在庫,060060000,酢酸（99%換算） (6) (t),0024000404,平成24年4月
5324,06050000,在庫,060060000,酢酸（99%換算） (6) (t),0024000505,平成24年5月
6577,06050000,在庫,060060000,酢酸（99%換算） (6) (t),0024000606,平成24年6月
5308,06050000,在庫,060060000,酢酸（99%換算） (6) (t),0024000707,平成24年7月
4913,06050000,在庫,060060000,酢酸（99%換算） (6) (t),0024000808,平成24年8月
3879,06050000,在庫,060060000,酢酸（99%換算） (6) (t),0024000909,平成24年9月
4148,06050000,在庫,060060000,酢酸（99%換算） (6) (t),0024001010,平成24年10月
5369,06050000,在庫,060060000,酢酸（99%換算） (6) (t),0024001111,平成24年11月
5072,06050000,在庫,060060000,酢酸（99%換算） (6) (t),0024001212,平成24年12月
7425,06050000,在庫,060070000,酢酸エチル (7) (t),0020000000,平成20年
5191,06050000,在庫,060070000,酢酸エチル (7) (t),0021000000,平成21年
2854,06050000,在庫,060070000,酢酸エチル (7) (t),0022000000,平成22年
X,06050000,在庫,060070000,酢酸エチル (7) (t),0023000000,平成23年
X,06050000,在庫,060070000,酢酸エチル (7) (t),0024000000,平成24年
X,06050000,在庫,060070000,酢酸エチル (7) (t),0022010000,平成22年度
X,06050000,在庫,060070000,酢酸エチル (7) (t),0023010000,平成23年度
X,06050000,在庫,060070000,酢酸エチル (7) (t),0024000103,平成24年 1 ～ 3 月
X,06050000,在庫,060070000,酢酸エチル (7) (t),0024000406,平成24年 4 ～ 6 月
X,06050000,在庫,060070000,酢酸エチル (7) (t),0024000709,平成24年 7 ～ 9 月
X,06050000,在庫,060070000,酢酸エチル (7) (t),0024001012,平成24年 10 ～ 12 月
X,06050000,在庫,060070000,酢酸エチル (7) (t),0024000101,平成24年1月
X,06050000,在庫,060070000,酢酸エチル (7) (t),0024000202,平成24年2月
X,06050000,在庫,060070000,酢酸エチル (7) (t),0024000303,平成24年3月
X,06050000,在庫,060070000,酢酸エチル (7) (t),0024000404,平成24年4月
X,06050000,在庫,060070000,酢酸エチル (7) (t),0024000505,平成24年5月
X,06050000,在庫,060070000,酢酸エチル (7) (t),0024000606,平成24年6月
X,06050000,在庫,060070000,酢酸エチル (7) (t),0024000707,平成24年7月
X,06050000,在庫,060070000,酢酸エチル (7) (t),0024000808,平成24年8月
X,06050000,在庫,060070000,酢酸エチル (7) (t),0024000909,平成24年9月
X,06050000,在庫,060070000,酢酸エチル (7) (t),0024001010,平成24年10月
X,06050000,在庫,060070000,酢酸エチル (7) (t),0024001111,平成24年11月
X,06050000,在庫,060070000,酢酸エチル (7) (t),0024001212,平成24年12月
11511,06050000,在庫,060080000,合成高級アルコール（C9以上のもの） (8) (t),0020000000,平成20年
7202,06050000,在庫,060080000,合成高級アルコール（C9以上のもの） (8) (t),0021000000,平成21年
8319,06050000,在庫,060080000,合成高級アルコール（C9以上のもの） (8) (t),0022000000,平成22年
X,06050000,在庫,060080000,合成高級アルコール（C9以上のもの） (8) (t),0023000000,平成23年
X,06050000,在庫,060080000,合成高級アルコール（C9以上のもの） (8) (t),0024000000,平成24年
X,06050000,在庫,060080000,合成高級アルコール（C9以上のもの） (8) (t),0022010000,平成22年度
X,06050000,在庫,060080000,合成高級アルコール（C9以上のもの） (8) (t),0023010000,平成23年度
X,06050000,在庫,060080000,合成高級アルコール（C9以上のもの） (8) (t),0024000103,平成24年 1 ～ 3 月
X,06050000,在庫,060080000,合成高級アルコール（C9以上のもの） (8) (t),0024000406,平成24年 4 ～ 6 月
X,06050000,在庫,060080000,合成高級アルコール（C9以上のもの） (8) (t),0024000709,平成24年 7 ～ 9 月
X,06050000,在庫,060080000,合成高級アルコール（C9以上のもの） (8) (t),0024001012,平成24年 10 ～ 12 月
X,06050000,在庫,060080000,合成高級アルコール（C9以上のもの） (8) (t),0024000101,平成24年1月
X,06050000,在庫,060080000,合成高級アルコール（C9以上のもの） (8) (t),0024000202,平成24年2月
X,06050000,在庫,060080000,合成高級アルコール（C9以上のもの） (8) (t),0024000303,平成24年3月
X,06050000,在庫,060080000,合成高級アルコール（C9以上のもの） (8) (t),0024000404,平成24年4月
X,06050000,在庫,060080000,合成高級アルコール（C9以上のもの） (8) (t),0024000505,平成24年5月
X,06050000,在庫,060080000,合成高級アルコール（C9以上のもの） (8) (t),0024000606,平成24年6月
X,06050000,在庫,060080000,合成高級アルコール（C9以上のもの） (8) (t),0024000707,平成24年7月
X,06050000,在庫,060080000,合成高級アルコール（C9以上のもの） (8) (t),0024000808,平成24年8月
X,06050000,在庫,060080000,合成高級アルコール（C9以上のもの） (8) (t),0024000909,平成24年9月
X,06050000,在庫,060080000,合成高級アルコール（C9以上のもの） (8) (t),0024001010,平成24年10月
X,06050000,在庫,060080000,合成高級アルコール（C9以上のもの） (8) (t),0024001111,平成24年11月
X,06050000,在庫,060080000,合成高級アルコール（C9以上のもの） (8) (t),0024001212,平成24年12月
53287,06050000,在庫,060090000,二塩化エチレン (9) (t),0020000000,平成20年
46670,06050000,在庫,060090000,二塩化エチレン (9) (t),0021000000,平成21年
31846,06050000,在庫,060090000,二塩化エチレン (9) (t),0022000000,平成22年
42164,06050000,在庫,060090000,二塩化エチレン (9) (t),0023000000,平成23年
33526,06050000,在庫,060090000,二塩化エチレン (9) (t),0024000000,平成24年
41007,06050000,在庫,060090000,二塩化エチレン (9) (t),0022010000,平成22年度
40658,06050000,在庫,060090000,二塩化エチレン (9) (t),0023010000,平成23年度
40658,06050000,在庫,060090000,二塩化エチレン (9) (t),0024000103,平成24年 1 ～ 3 月
39054,06050000,在庫,060090000,二塩化エチレン (9) (t),0024000406,平成24年 4 ～ 6 月
32421,06050000,在庫,060090000,二塩化エチレン (9) (t),0024000709,平成24年 7 ～ 9 月
33526,06050000,在庫,060090000,二塩化エチレン (9) (t),0024001012,平成24年 10 ～ 12 月
37803,06050000,在庫,060090000,二塩化エチレン (9) (t),0024000101,平成24年1月
36197,06050000,在庫,060090000,二塩化エチレン (9) (t),0024000202,平成24年2月
40658,06050000,在庫,060090000,二塩化エチレン (9) (t),0024000303,平成24年3月
36694,06050000,在庫,060090000,二塩化エチレン (9) (t),0024000404,平成24年4月
37067,06050000,在庫,060090000,二塩化エチレン (9) (t),0024000505,平成24年5月
39054,06050000,在庫,060090000,二塩化エチレン (9) (t),0024000606,平成24年6月
40809,06050000,在庫,060090000,二塩化エチレン (9) (t),0024000707,平成24年7月
35825,06050000,在庫,060090000,二塩化エチレン (9) (t),0024000808,平成24年8月
32421,06050000,在庫,060090000,二塩化エチレン (9) (t),0024000909,平成24年9月
33195,06050000,在庫,060090000,二塩化エチレン (9) (t),0024001010,平成24年10月
43167,06050000,在庫,060090000,二塩化エチレン (9) (t),0024001111,平成24年11月
33526,06050000,在庫,060090000,二塩化エチレン (9) (t),0024001212,平成24年12月
66827,06050000,在庫,060100000,プロピレン (10) (t),0020000000,平成20年
67387,06050000,在庫,060100000,プロピレン (10) (t),0021000000,平成21年
68125,06050000,在庫,060100000,プロピレン (10) (t),0022000000,平成22年
66475,06050000,在庫,060100000,プロピレン (10) (t),0023000000,平成23年
71765,06050000,在庫,060100000,プロピレン (10) (t),0024000000,平成24年
73819,06050000,在庫,060100000,プロピレン (10) (t),0022010000,平成22年度
68987,06050000,在庫,060100000,プロピレン (10) (t),0023010000,平成23年度
68987,06050000,在庫,060100000,プロピレン (10) (t),0024000103,平成24年 1 ～ 3 月
69538,06050000,在庫,060100000,プロピレン (10) (t),0024000406,平成24年 4 ～ 6 月
60722,06050000,在庫,060100000,プロピレン (10) (t),0024000709,平成24年 7 ～ 9 月
71765,06050000,在庫,060100000,プロピレン (10) (t),0024001012,平成24年 10 ～ 12 月
61178,06050000,在庫,060100000,プロピレン (10) (t),0024000101,平成24年1月
62343,06050000,在庫,060100000,プロピレン (10) (t),0024000202,平成24年2月
68987,06050000,在庫,060100000,プロピレン (10) (t),0024000303,平成24年3月
56569,06050000,在庫,060100000,プロピレン (10) (t),0024000404,平成24年4月
57386,06050000,在庫,060100000,プロピレン (10) (t),0024000505,平成24年5月
69538,06050000,在庫,060100000,プロピレン (10) (t),0024000606,平成24年6月
69268,06050000,在庫,060100000,プロピレン (10) (t),0024000707,平成24年7月
62213,06050000,在庫,060100000,プロピレン (10) (t),0024000808,平成24年8月
60722,06050000,在庫,060100000,プロピレン (10) (t),0024000909,平成24年9月
58201,06050000,在庫,060100000,プロピレン (10) (t),0024001010,平成24年10月
69087,06050000,在庫,060100000,プロピレン (10) (t),0024001111,平成24年11月
71765,06050000,在庫,060100000,プロピレン (10) (t),0024001212,平成24年12月
18022,06050000,在庫,060110000,酸化プロピレン (11) (t),0020000000,平成20年
11753,06050000,在庫,060110000,酸化プロピレン (11) (t),0021000000,平成21年
11893,06050000,在庫,060110000,酸化プロピレン (11) (t),0022000000,平成22年
11177,06050000,在庫,060110000,酸化プロピレン (11) (t),0023000000,平成23年
13664,06050000,在庫,060110000,酸化プロピレン (11) (t),0024000000,平成24年
11110,06050000,在庫,060110000,酸化プロピレン (11) (t),0022010000,平成22年度
8393,06050000,在庫,060110000,酸化プロピレン (11) (t),0023010000,平成23年度
8393,06050000,在庫,060110000,酸化プロピレン (11) (t),0024000103,平成24年 1 ～ 3 月
10670,06050000,在庫,060110000,酸化プロピレン (11) (t),0024000406,平成24年 4 ～ 6 月
17248,06050000,在庫,060110000,酸化プロピレン (11) (t),0024000709,平成24年 7 ～ 9 月
13664,06050000,在庫,060110000,酸化プロピレン (11) (t),0024001012,平成24年 10 ～ 12 月
13912,06050000,在庫,060110000,酸化プロピレン (11) (t),0024000101,平成24年1月
12230,06050000,在庫,060110000,酸化プロピレン (11) (t),0024000202,平成24年2月
8393,06050000,在庫,060110000,酸化プロピレン (11) (t),0024000303,平成24年3月
12954,06050000,在庫,060110000,酸化プロピレン (11) (t),0024000404,平成24年4月
10450,06050000,在庫,060110000,酸化プロピレン (11) (t),0024000505,平成24年5月
10670,06050000,在庫,060110000,酸化プロピレン (11) (t),0024000606,平成24年6月
14120,06050000,在庫,060110000,酸化プロピレン (11) (t),0024000707,平成24年7月
15195,06050000,在庫,060110000,酸化プロピレン (11) (t),0024000808,平成24年8月
17248,06050000,在庫,060110000,酸化プロピレン (11) (t),0024000909,平成24年9月
14972,06050000,在庫,060110000,酸化プロピレン (11) (t),0024001010,平成24年10月
10875,06050000,在庫,060110000,酸化プロピレン (11) (t),0024001111,平成24年11月
13664,06050000,在庫,060110000,酸化プロピレン (11) (t),0024001212,平成24年12月
7064,06050000,在庫,060120000,プロピレングリコール (12) (t),0020000000,平成20年
6465,06050000,在庫,060120000,プロピレングリコール (12) (t),0021000000,平成21年
7733,06050000,在庫,060120000,プロピレングリコール (12) (t),0022000000,平成22年
8197,06050000,在庫,060120000,プロピレングリコール (12) (t),0023000000,平成23年
5603,06050000,在庫,060120000,プロピレングリコール (12) (t),0024000000,平成24年
7647,06050000,在庫,060120000,プロピレングリコール (12) (t),0022010000,平成22年度
9594,06050000,在庫,060120000,プロピレングリコール (12) (t),0023010000,平成23年度
9594,06050000,在庫,060120000,プロピレングリコール (12) (t),0024000103,平成24年 1 ～ 3 月
5756,06050000,在庫,060120000,プロピレングリコール (12) (t),0024000406,平成24年 4 ～ 6 月
7109,06050000,在庫,060120000,プロピレングリコール (12) (t),0024000709,平成24年 7 ～ 9 月
5603,06050000,在庫,060120000,プロピレングリコール (12) (t),0024001012,平成24年 10 ～ 12 月
8825,06050000,在庫,060120000,プロピレングリコール (12) (t),0024000101,平成24年1月
9993,06050000,在庫,060120000,プロピレングリコール (12) (t),0024000202,平成24年2月
9594,06050000,在庫,060120000,プロピレングリコール (12) (t),0024000303,平成24年3月
9827,06050000,在庫,060120000,プロピレングリコール (12) (t),0024000404,平成24年4月
9629,06050000,在庫,060120000,プロピレングリコール (12) (t),0024000505,平成24年5月
5756,06050000,在庫,060120000,プロピレングリコール (12) (t),0024000606,平成24年6月
5692,06050000,在庫,060120000,プロピレングリコール (12) (t),0024000707,平成24年7月
7348,06050000,在庫,060120000,プロピレングリコール (12) (t),0024000808,平成24年8月
7109,06050000,在庫,060120000,プロピレングリコール (12) (t),0024000909,平成24年9月
5849,06050000,在庫,060120000,プロピレングリコール (12) (t),0024001010,平成24年10月
5519,06050000,在庫,060120000,プロピレングリコール (12) (t),0024001111,平成24年11月
5603,06050000,在庫,060120000,プロピレングリコール (12) (t),0024001212,平成24年12月
41071,06050000,在庫,060130000,ポリプロピレングリコール (13) (t),0020000000,平成20年
34886,06050000,在庫,060130000,ポリプロピレングリコール (13) (t),0021000000,平成21年
32540,06050000,在庫,060130000,ポリプロピレングリコール (13) (t),0022000000,平成22年
34207,06050000,在庫,060130000,ポリプロピレングリコール (13) (t),0023000000,平成23年
31146,06050000,在庫,060130000,ポリプロピレングリコール (13) (t),0024000000,平成24年
33603,06050000,在庫,060130000,ポリプロピレングリコール (13) (t),0022010000,平成22年度
37207,06050000,在庫,060130000,ポリプロピレングリコール (13) (t),0023010000,平成23年度
37207,06050000,在庫,060130000,ポリプロピレングリコール (13) (t),0024000103,平成24年 1 ～ 3 月
34602,06050000,在庫,060130000,ポリプロピレングリコール (13) (t),0024000406,平成24年 4 ～ 6 月
30649,06050000,在庫,060130000,ポリプロピレングリコール (13) (t),0024000709,平成24年 7 ～ 9 月
31146,06050000,在庫,060130000,ポリプロピレングリコール (13) (t),0024001012,平成24年 10 ～ 12 月
34878,06050000,在庫,060130000,ポリプロピレングリコール (13) (t),0024000101,平成24年1月
35485,06050000,在庫,060130000,ポリプロピレングリコール (13) (t),0024000202,平成24年2月
37207,06050000,在庫,060130000,ポリプロピレングリコール (13) (t),0024000303,平成24年3月
39260,06050000,在庫,060130000,ポリプロピレングリコール (13) (t),0024000404,平成24年4月
36407,06050000,在庫,060130000,ポリプロピレングリコール (13) (t),0024000505,平成24年5月
34602,06050000,在庫,060130000,ポリプロピレングリコール (13) (t),0024000606,平成24年6月
31736,06050000,在庫,060130000,ポリプロピレングリコール (13) (t),0024000707,平成24年7月
29553,06050000,在庫,060130000,ポリプロピレングリコール (13) (t),0024000808,平成24年8月
30649,06050000,在庫,060130000,ポリプロピレングリコール (13) (t),0024000909,平成24年9月
29619,06050000,在庫,060130000,ポリプロピレングリコール (13) (t),0024001010,平成24年10月
29675,06050000,在庫,060130000,ポリプロピレングリコール (13) (t),0024001111,平成24年11月
31146,06050000,在庫,060130000,ポリプロピレングリコール (13) (t),0024001212,平成24年12月
8562,06050000,在庫,060140000,エピクロルヒドリン (14) (t),0020000000,平成20年
4444,06050000,在庫,060140000,エピクロルヒドリン (14) (t),0021000000,平成21年
5004,06050000,在庫,060140000,エピクロルヒドリン (14) (t),0022000000,平成22年
6576,06050000,在庫,060140000,エピクロルヒドリン (14) (t),0023000000,平成23年
6350,06050000,在庫,060140000,エピクロルヒドリン (14) (t),0024000000,平成24年
4277,06050000,在庫,060140000,エピクロルヒドリン (14) (t),0022010000,平成22年度
6776,06050000,在庫,060140000,エピクロルヒドリン (14) (t),0023010000,平成23年度
6776,06050000,在庫,060140000,エピクロルヒドリン (14) (t),0024000103,平成24年 1 ～ 3 月
7581,06050000,在庫,060140000,エピクロルヒドリン (14) (t),0024000406,平成24年 4 ～ 6 月
9344,06050000,在庫,060140000,エピクロルヒドリン (14) (t),0024000709,平成24年 7 ～ 9 月
6350,06050000,在庫,060140000,エピクロルヒドリン (14) (t),0024001012,平成24年 10 ～ 12 月
7244,06050000,在庫,060140000,エピクロルヒドリン (14) (t),0024000101,平成24年1月
7027,06050000,在庫,060140000,エピクロルヒドリン (14) (t),0024000202,平成24年2月
6776,06050000,在庫,060140000,エピクロルヒドリン (14) (t),0024000303,平成24年3月
6550,06050000,在庫,060140000,エピクロルヒドリン (14) (t),0024000404,平成24年4月
6503,06050000,在庫,060140000,エピクロルヒドリン (14) (t),0024000505,平成24年5月
7581,06050000,在庫,060140000,エピクロルヒドリン (14) (t),0024000606,平成24年6月
6042,06050000,在庫,060140000,エピクロルヒドリン (14) (t),0024000707,平成24年7月
7387,06050000,在庫,060140000,エピクロルヒドリン (14) (t),0024000808,平成24年8月
9344,06050000,在庫,060140000,エピクロルヒドリン (14) (t),0024000909,平成24年9月
8670,06050000,在庫,060140000,エピクロルヒドリン (14) (t),0024001010,平成24年10月
7692,06050000,在庫,060140000,エピクロルヒドリン (14) (t),0024001111,平成24年11月
6350,06050000,在庫,060140000,エピクロルヒドリン (14) (t),0024001212,平成24年12月
12892,06050000,在庫,060150000,イソプロピルアルコール (15) (t),0020000000,平成20年
9802,06050000,在庫,060150000,イソプロピルアルコール (15) (t),0021000000,平成21年
10353,06050000,在庫,060150000,イソプロピルアルコール (15) (t),0022000000,平成22年
8183,06050000,在庫,060150000,イソプロピルアルコール (15) (t),0023000000,平成23年
11125,06050000,在庫,060150000,イソプロピルアルコール (15) (t),0024000000,平成24年
9668,06050000,在庫,060150000,イソプロピルアルコール (15) (t),0022010000,平成22年度
9294,06050000,在庫,060150000,イソプロピルアルコール (15) (t),0023010000,平成23年度
9294,06050000,在庫,060150000,イソプロピルアルコール (15) (t),0024000103,平成24年 1 ～ 3 月
8416,06050000,在庫,060150000,イソプロピルアルコール (15) (t),0024000406,平成24年 4 ～ 6 月
7261,06050000,在庫,060150000,イソプロピルアルコール (15) (t),0024000709,平成24年 7 ～ 9 月
11125,06050000,在庫,060150000,イソプロピルアルコール (15) (t),0024001012,平成24年 10 ～ 12 月
6899,06050000,在庫,060150000,イソプロピルアルコール (15) (t),0024000101,平成24年1月
6530,06050000,在庫,060150000,イソプロピルアルコール (15) (t),0024000202,平成24年2月
9294,06050000,在庫,060150000,イソプロピルアルコール (15) (t),0024000303,平成24年3月
6111,06050000,在庫,060150000,イソプロピルアルコール (15) (t),0024000404,平成24年4月
6317,06050000,在庫,060150000,イソプロピルアルコール (15) (t),0024000505,平成24年5月
8416,06050000,在庫,060150000,イソプロピルアルコール (15) (t),0024000606,平成24年6月
7758,06050000,在庫,060150000,イソプロピルアルコール (15) (t),0024000707,平成24年7月
8276,06050000,在庫,060150000,イソプロピルアルコール (15) (t),0024000808,平成24年8月
7261,06050000,在庫,060150000,イソプロピルアルコール (15) (t),0024000909,平成24年9月
7466,06050000,在庫,060150000,イソプロピルアルコール (15) (t),0024001010,平成24年10月
9733,06050000,在庫,060150000,イソプロピルアルコール (15) (t),0024001111,平成24年11月
11125,06050000,在庫,060150000,イソプロピルアルコール (15) (t),0024001212,平成24年12月
18205,06050000,在庫,060160000,合成アセトン (16) (t),0020000000,平成20年
16053,06050000,在庫,060160000,合成アセトン (16) (t),0021000000,平成21年
16084,06050000,在庫,060160000,合成アセトン (16) (t),0022000000,平成22年
17251,06050000,在庫,060160000,合成アセトン (16) (t),0023000000,平成23年
17480,06050000,在庫,060160000,合成アセトン (16) (t),0024000000,平成24年
14101,06050000,在庫,060160000,合成アセトン (16) (t),0022010000,平成22年度
17235,06050000,在庫,060160000,合成アセトン (16) (t),0023010000,平成23年度
17235,06050000,在庫,060160000,合成アセトン (16) (t),0024000103,平成24年 1 ～ 3 月
16391,06050000,在庫,060160000,合成アセトン (16) (t),0024000406,平成24年 4 ～ 6 月
21641,06050000,在庫,060160000,合成アセトン (16) (t),0024000709,平成24年 7 ～ 9 月
17480,06050000,在庫,060160000,合成アセトン (16) (t),0024001012,平成24年 10 ～ 12 月
18115,06050000,在庫,060160000,合成アセトン (16) (t),0024000101,平成24年1月
19211,06050000,在庫,060160000,合成アセトン (16) (t),0024000202,平成24年2月
17235,06050000,在庫,060160000,合成アセトン (16) (t),0024000303,平成24年3月
18824,06050000,在庫,060160000,合成アセトン (16) (t),0024000404,平成24年4月
18990,06050000,在庫,060160000,合成アセトン (16) (t),0024000505,平成24年5月
16391,06050000,在庫,060160000,合成アセトン (16) (t),0024000606,平成24年6月
12324,06050000,在庫,060160000,合成アセトン (16) (t),0024000707,平成24年7月
17434,06050000,在庫,060160000,合成アセトン (16) (t),0024000808,平成24年8月
21641,06050000,在庫,060160000,合成アセトン (16) (t),0024000909,平成24年9月
23715,06050000,在庫,060160000,合成アセトン (16) (t),0024001010,平成24年10月
21027,06050000,在庫,060160000,合成アセトン (16) (t),0024001111,平成24年11月
17480,06050000,在庫,060160000,合成アセトン (16) (t),0024001212,平成24年12月
4784,06050000,在庫,060170000,メチルイソブチルケトン (17) (t),0020000000,平成20年
2364,06050000,在庫,060170000,メチルイソブチルケトン (17) (t),0021000000,平成21年
2377,06050000,在庫,060170000,メチルイソブチルケトン (17) (t),0022000000,平成22年
4046,06050000,在庫,060170000,メチルイソブチルケトン (17) (t),0023000000,平成23年
2702,06050000,在庫,060170000,メチルイソブチルケトン (17) (t),0024000000,平成24年
2128,06050000,在庫,060170000,メチルイソブチルケトン (17) (t),0022010000,平成22年度
3901,06050000,在庫,060170000,メチルイソブチルケトン (17) (t),0023010000,平成23年度
3901,06050000,在庫,060170000,メチルイソブチルケトン (17) (t),0024000103,平成24年 1 ～ 3 月
2685,06050000,在庫,060170000,メチルイソブチルケトン (17) (t),0024000406,平成24年 4 ～ 6 月
4838,06050000,在庫,060170000,メチルイソブチルケトン (17) (t),0024000709,平成24年 7 ～ 9 月
2702,06050000,在庫,060170000,メチルイソブチルケトン (17) (t),0024001012,平成24年 10 ～ 12 月
4205,06050000,在庫,060170000,メチルイソブチルケトン (17) (t),0024000101,平成24年1月
3075,06050000,在庫,060170000,メチルイソブチルケトン (17) (t),0024000202,平成24年2月
3901,06050000,在庫,060170000,メチルイソブチルケトン (17) (t),0024000303,平成24年3月
2794,06050000,在庫,060170000,メチルイソブチルケトン (17) (t),0024000404,平成24年4月
2999,06050000,在庫,060170000,メチルイソブチルケトン (17) (t),0024000505,平成24年5月
2685,06050000,在庫,060170000,メチルイソブチルケトン (17) (t),0024000606,平成24年6月
4749,06050000,在庫,060170000,メチルイソブチルケトン (17) (t),0024000707,平成24年7月
4942,06050000,在庫,060170000,メチルイソブチルケトン (17) (t),0024000808,平成24年8月
4838,06050000,在庫,060170000,メチルイソブチルケトン (17) (t),0024000909,平成24年9月
4005,06050000,在庫,060170000,メチルイソブチルケトン (17) (t),0024001010,平成24年10月
2691,06050000,在庫,060170000,メチルイソブチルケトン (17) (t),0024001111,平成24年11月
2702,06050000,在庫,060170000,メチルイソブチルケトン (17) (t),0024001212,平成24年12月
27580,06050000,在庫,060180000,アクリロニトリル (18) (t),0020000000,平成20年
21389,06050000,在庫,060180000,アクリロニトリル (18) (t),0021000000,平成21年
23907,06050000,在庫,060180000,アクリロニトリル (18) (t),0022000000,平成22年
18931,06050000,在庫,060180000,アクリロニトリル (18) (t),0023000000,平成23年
27212,06050000,在庫,060180000,アクリロニトリル (18) (t),0024000000,平成24年
21899,06050000,在庫,060180000,アクリロニトリル (18) (t),0022010000,平成22年度
13981,06050000,在庫,060180000,アクリロニトリル (18) (t),0023010000,平成23年度
13981,06050000,在庫,060180000,アクリロニトリル (18) (t),0024000103,平成24年 1 ～ 3 月
24335,06050000,在庫,060180000,アクリロニトリル (18) (t),0024000406,平成24年 4 ～ 6 月
22911,06050000,在庫,060180000,アクリロニトリル (18) (t),0024000709,平成24年 7 ～ 9 月
27212,06050000,在庫,060180000,アクリロニトリル (18) (t),0024001012,平成24年 10 ～ 12 月
21749,06050000,在庫,060180000,アクリロニトリル (18) (t),0024000101,平成24年1月
18430,06050000,在庫,060180000,アクリロニトリル (18) (t),0024000202,平成24年2月
13981,06050000,在庫,060180000,アクリロニトリル (18) (t),0024000303,平成24年3月
19482,06050000,在庫,060180000,アクリロニトリル (18) (t),0024000404,平成24年4月
28231,06050000,在庫,060180000,アクリロニトリル (18) (t),0024000505,平成24年5月
24335,06050000,在庫,060180000,アクリロニトリル (18) (t),0024000606,平成24年6月
23322,06050000,在庫,060180000,アクリロニトリル (18) (t),0024000707,平成24年7月
28364,06050000,在庫,060180000,アクリロニトリル (18) (t),0024000808,平成24年8月
22911,06050000,在庫,060180000,アクリロニトリル (18) (t),0024000909,平成24年9月
15478,06050000,在庫,060180000,アクリロニトリル (18) (t),0024001010,平成24年10月
21312,06050000,在庫,060180000,アクリロニトリル (18) (t),0024001111,平成24年11月
27212,06050000,在庫,060180000,アクリロニトリル (18) (t),0024001212,平成24年12月
17119,06050000,在庫,060190000,アクリル酸エステル (19) (t),0020000000,平成20年
12474,06050000,在庫,060190000,アクリル酸エステル (19) (t),0021000000,平成21年
14304,06050000,在庫,060190000,アクリル酸エステル (19) (t),0022000000,平成22年
14382,06050000,在庫,060190000,アクリル酸エステル (19) (t),0023000000,平成23年
9814,06050000,在庫,060190000,アクリル酸エステル (19) (t),0024000000,平成24年
15559,06050000,在庫,060190000,アクリル酸エステル (19) (t),0022010000,平成22年度
12908,06050000,在庫,060190000,アクリル酸エステル (19) (t),0023010000,平成23年度
12908,06050000,在庫,060190000,アクリル酸エステル (19) (t),0024000103,平成24年 1 ～ 3 月
11805,06050000,在庫,060190000,アクリル酸エステル (19) (t),0024000406,平成24年 4 ～ 6 月
11068,06050000,在庫,060190000,アクリル酸エステル (19) (t),0024000709,平成24年 7 ～ 9 月
9814,06050000,在庫,060190000,アクリル酸エステル (19) (t),0024001012,平成24年 10 ～ 12 月
15047,06050000,在庫,060190000,アクリル酸エステル (19) (t),0024000101,平成24年1月
13051,06050000,在庫,060190000,アクリル酸エステル (19) (t),0024000202,平成24年2月
12908,06050000,在庫,060190000,アクリル酸エステル (19) (t),0024000303,平成24年3月
11352,06050000,在庫,060190000,アクリル酸エステル (19) (t),0024000404,平成24年4月
12609,06050000,在庫,060190000,アクリル酸エステル (19) (t),0024000505,平成24年5月
11805,06050000,在庫,060190000,アクリル酸エステル (19) (t),0024000606,平成24年6月
13282,06050000,在庫,060190000,アクリル酸エステル (19) (t),0024000707,平成24年7月
16860,06050000,在庫,060190000,アクリル酸エステル (19) (t),0024000808,平成24年8月
11068,06050000,在庫,060190000,アクリル酸エステル (19) (t),0024000909,平成24年9月
9921,06050000,在庫,060190000,アクリル酸エステル (19) (t),0024001010,平成24年10月
8033,06050000,在庫,060190000,アクリル酸エステル (19) (t),0024001111,平成24年11月
9814,06050000,在庫,060190000,アクリル酸エステル (19) (t),0024001212,平成24年12月
7626,06050000,在庫,060200000,合成オクタノール (20) (t),0020000000,平成20年
11310,06050000,在庫,060200000,合成オクタノール (20) (t),0021000000,平成21年
8685,06050000,在庫,060200000,合成オクタノール (20) (t),0022000000,平成22年
11262,06050000,在庫,060200000,合成オクタノール (20) (t),0023000000,平成23年
9766,06050000,在庫,060200000,合成オクタノール (20) (t),0024000000,平成24年
8823,06050000,在庫,060200000,合成オクタノール (20) (t),0022010000,平成22年度
10403,06050000,在庫,060200000,合成オクタノール (20) (t),0023010000,平成23年度
10403,06050000,在庫,060200000,合成オクタノール (20) (t),0024000103,平成24年 1 ～ 3 月
10251,06050000,在庫,060200000,合成オクタノール (20) (t),0024000406,平成24年 4 ～ 6 月
12344,06050000,在庫,060200000,合成オクタノール (20) (t),0024000709,平成24年 7 ～ 9 月
9766,06050000,在庫,060200000,合成オクタノール (20) (t),0024001012,平成24年 10 ～ 12 月
13338,06050000,在庫,060200000,合成オクタノール (20) (t),0024000101,平成24年1月
12049,06050000,在庫,060200000,合成オクタノール (20) (t),0024000202,平成24年2月
10403,06050000,在庫,060200000,合成オクタノール (20) (t),0024000303,平成24年3月
9082,06050000,在庫,060200000,合成オクタノール (20) (t),0024000404,平成24年4月
8344,06050000,在庫,060200000,合成オクタノール (20) (t),0024000505,平成24年5月
10251,06050000,在庫,060200000,合成オクタノール (20) (t),0024000606,平成24年6月
9734,06050000,在庫,060200000,合成オクタノール (20) (t),0024000707,平成24年7月
10385,06050000,在庫,060200000,合成オクタノール (20) (t),0024000808,平成24年8月
12344,06050000,在庫,060200000,合成オクタノール (20) (t),0024000909,平成24年9月
11858,06050000,在庫,060200000,合成オクタノール (20) (t),0024001010,平成24年10月
12573,06050000,在庫,060200000,合成オクタノール (20) (t),0024001111,平成24年11月
9766,06050000,在庫,060200000,合成オクタノール (20) (t),0024001212,平成24年12月
6404,06050000,在庫,060210000,合成ブタノール (21) (t),0020000000,平成20年
6661,06050000,在庫,060210000,合成ブタノール (21) (t),0021000000,平成21年
6121,06050000,在庫,060210000,合成ブタノール (21) (t),0022000000,平成22年
9747,06050000,在庫,060210000,合成ブタノール (21) (t),0023000000,平成23年
8773,06050000,在庫,060210000,合成ブタノール (21) (t),0024000000,平成24年
8062,06050000,在庫,060210000,合成ブタノール (21) (t),0022010000,平成22年度
8276,06050000,在庫,060210000,合成ブタノール (21) (t),0023010000,平成23年度
8276,06050000,在庫,060210000,合成ブタノール (21) (t),0024000103,平成24年 1 ～ 3 月
6339,06050000,在庫,060210000,合成ブタノール (21) (t),0024000406,平成24年 4 ～ 6 月
8839,06050000,在庫,060210000,合成ブタノール (21) (t),0024000709,平成24年 7 ～ 9 月
8773,06050000,在庫,060210000,合成ブタノール (21) (t),0024001012,平成24年 10 ～ 12 月
9310,06050000,在庫,060210000,合成ブタノール (21) (t),0024000101,平成24年1月
10415,06050000,在庫,060210000,合成ブタノール (21) (t),0024000202,平成24年2月
8276,06050000,在庫,060210000,合成ブタノール (21) (t),0024000303,平成24年3月
7138,06050000,在庫,060210000,合成ブタノール (21) (t),0024000404,平成24年4月
7615,06050000,在庫,060210000,合成ブタノール (21) (t),0024000505,平成24年5月
6339,06050000,在庫,060210000,合成ブタノール (21) (t),0024000606,平成24年6月
8084,06050000,在庫,060210000,合成ブタノール (21) (t),0024000707,平成24年7月
7607,06050000,在庫,060210000,合成ブタノール (21) (t),0024000808,平成24年8月
8839,06050000,在庫,060210000,合成ブタノール (21) (t),0024000909,平成24年9月
9038,06050000,在庫,060210000,合成ブタノール (21) (t),0024001010,平成24年10月
8576,06050000,在庫,060210000,合成ブタノール (21) (t),0024001111,平成24年11月
8773,06050000,在庫,060210000,合成ブタノール (21) (t),0024001212,平成24年12月
10202,06050000,在庫,060220000,メチルエチルケトン (22) (t),0020000000,平成20年
9779,06050000,在庫,060220000,メチルエチルケトン (22) (t),0021000000,平成21年
9332,06050000,在庫,060220000,メチルエチルケトン (22) (t),0022000000,平成22年
7665,06050000,在庫,060220000,メチルエチルケトン (22) (t),0023000000,平成23年
10229,06050000,在庫,060220000,メチルエチルケトン (22) (t),0024000000,平成24年
6583,06050000,在庫,060220000,メチルエチルケトン (22) (t),0022010000,平成22年度
7774,06050000,在庫,060220000,メチルエチルケトン (22) (t),0023010000,平成23年度
7774,06050000,在庫,060220000,メチルエチルケトン (22) (t),0024000103,平成24年 1 ～ 3 月
10145,06050000,在庫,060220000,メチルエチルケトン (22) (t),0024000406,平成24年 4 ～ 6 月
10803,06050000,在庫,060220000,メチルエチルケトン (22) (t),0024000709,平成24年 7 ～ 9 月
10229,06050000,在庫,060220000,メチルエチルケトン (22) (t),0024001012,平成24年 10 ～ 12 月
7070,06050000,在庫,060220000,メチルエチルケトン (22) (t),0024000101,平成24年1月
6725,06050000,在庫,060220000,メチルエチルケトン (22) (t),0024000202,平成24年2月
7774,06050000,在庫,060220000,メチルエチルケトン (22) (t),0024000303,平成24年3月
10192,06050000,在庫,060220000,メチルエチルケトン (22) (t),0024000404,平成24年4月
9916,06050000,在庫,060220000,メチルエチルケトン (22) (t),0024000505,平成24年5月
10145,06050000,在庫,060220000,メチルエチルケトン (22) (t),0024000606,平成24年6月
12701,06050000,在庫,060220000,メチルエチルケトン (22) (t),0024000707,平成24年7月
13504,06050000,在庫,060220000,メチルエチルケトン (22) (t),0024000808,平成24年8月
10803,06050000,在庫,060220000,メチルエチルケトン (22) (t),0024000909,平成24年9月
10020,06050000,在庫,060220000,メチルエチルケトン (22) (t),0024001010,平成24年10月
9642,06050000,在庫,060220000,メチルエチルケトン (22) (t),0024001111,平成24年11月
10229,06050000,在庫,060220000,メチルエチルケトン (22) (t),0024001212,平成24年12月
21383,06050000,在庫,060230000,ブタン･ブチレン (23) (t),0020000000,平成20年
20905,06050000,在庫,060230000,ブタン･ブチレン (23) (t),0021000000,平成21年
21093,06050000,在庫,060230000,ブタン･ブチレン (23) (t),0022000000,平成22年
17087,06050000,在庫,060230000,ブタン･ブチレン (23) (t),0023000000,平成23年
15099,06050000,在庫,060230000,ブタン･ブチレン (23) (t),0024000000,平成24年
29268,06050000,在庫,060230000,ブタン･ブチレン (23) (t),0022010000,平成22年度
18680,06050000,在庫,060230000,ブタン･ブチレン (23) (t),0023010000,平成23年度
18680,06050000,在庫,060230000,ブタン･ブチレン (23) (t),0024000103,平成24年 1 ～ 3 月
18589,06050000,在庫,060230000,ブタン･ブチレン (23) (t),0024000406,平成24年 4 ～ 6 月
19750,06050000,在庫,060230000,ブタン･ブチレン (23) (t),0024000709,平成24年 7 ～ 9 月
15099,06050000,在庫,060230000,ブタン･ブチレン (23) (t),0024001012,平成24年 10 ～ 12 月
17058,06050000,在庫,060230000,ブタン･ブチレン (23) (t),0024000101,平成24年1月
16524,06050000,在庫,060230000,ブタン･ブチレン (23) (t),0024000202,平成24年2月
18680,06050000,在庫,060230000,ブタン･ブチレン (23) (t),0024000303,平成24年3月
20580,06050000,在庫,060230000,ブタン･ブチレン (23) (t),0024000404,平成24年4月
20532,06050000,在庫,060230000,ブタン･ブチレン (23) (t),0024000505,平成24年5月
18589,06050000,在庫,060230000,ブタン･ブチレン (23) (t),0024000606,平成24年6月
15515,06050000,在庫,060230000,ブタン･ブチレン (23) (t),0024000707,平成24年7月
17033,06050000,在庫,060230000,ブタン･ブチレン (23) (t),0024000808,平成24年8月
19750,06050000,在庫,060230000,ブタン･ブチレン (23) (t),0024000909,平成24年9月
23887,06050000,在庫,060230000,ブタン･ブチレン (23) (t),0024001010,平成24年10月
23358,06050000,在庫,060230000,ブタン･ブチレン (23) (t),0024001111,平成24年11月
15099,06050000,在庫,060230000,ブタン･ブチレン (23) (t),0024001212,平成24年12月
24620,06050000,在庫,060240000,ブタジエン (24) (t),0020000000,平成20年
18613,06050000,在庫,060240000,ブタジエン (24) (t),0021000000,平成21年
21901,06050000,在庫,060240000,ブタジエン (24) (t),0022000000,平成22年
14643,06050000,在庫,060240000,ブタジエン (24) (t),0023000000,平成23年
26823,06050000,在庫,060240000,ブタジエン (24) (t),0024000000,平成24年
21115,06050000,在庫,060240000,ブタジエン (24) (t),0022010000,平成22年度
24482,06050000,在庫,060240000,ブタジエン (24) (t),0023010000,平成23年度
24482,06050000,在庫,060240000,ブタジエン (24) (t),0024000103,平成24年 1 ～ 3 月
19137,06050000,在庫,060240000,ブタジエン (24) (t),0024000406,平成24年 4 ～ 6 月
22218,06050000,在庫,060240000,ブタジエン (24) (t),0024000709,平成24年 7 ～ 9 月
26823,06050000,在庫,060240000,ブタジエン (24) (t),0024001012,平成24年 10 ～ 12 月
13969,06050000,在庫,060240000,ブタジエン (24) (t),0024000101,平成24年1月
19677,06050000,在庫,060240000,ブタジエン (24) (t),0024000202,平成24年2月
24482,06050000,在庫,060240000,ブタジエン (24) (t),0024000303,平成24年3月
23483,06050000,在庫,060240000,ブタジエン (24) (t),0024000404,平成24年4月
22086,06050000,在庫,060240000,ブタジエン (24) (t),0024000505,平成24年5月
19137,06050000,在庫,060240000,ブタジエン (24) (t),0024000606,平成24年6月
19630,06050000,在庫,060240000,ブタジエン (24) (t),0024000707,平成24年7月
20575,06050000,在庫,060240000,ブタジエン (24) (t),0024000808,平成24年8月
22218,06050000,在庫,060240000,ブタジエン (24) (t),0024000909,平成24年9月
23955,06050000,在庫,060240000,ブタジエン (24) (t),0024001010,平成24年10月
26523,06050000,在庫,060240000,ブタジエン (24) (t),0024001111,平成24年11月
26823,06050000,在庫,060240000,ブタジエン (24) (t),0024001212,平成24年12月
13163,06050000,在庫,060250000,ノルマルパラフィン (25) (t),0020000000,平成20年
13223,06050000,在庫,060250000,ノルマルパラフィン (25) (t),0021000000,平成21年
14560,06050000,在庫,060250000,ノルマルパラフィン (25) (t),0022000000,平成22年
X,06050000,在庫,060250000,ノルマルパラフィン (25) (t),0023000000,平成23年
X,06050000,在庫,060250000,ノルマルパラフィン (25) (t),0024000000,平成24年
X,06050000,在庫,060250000,ノルマルパラフィン (25) (t),0022010000,平成22年度
X,06050000,在庫,060250000,ノルマルパラフィン (25) (t),0023010000,平成23年度
X,06050000,在庫,060250000,ノルマルパラフィン (25) (t),0024000103,平成24年 1 ～ 3 月
X,06050000,在庫,060250000,ノルマルパラフィン (25) (t),0024000406,平成24年 4 ～ 6 月
X,06050000,在庫,060250000,ノルマルパラフィン (25) (t),0024000709,平成24年 7 ～ 9 月
X,06050000,在庫,060250000,ノルマルパラフィン (25) (t),0024001012,平成24年 10 ～ 12 月
X,06050000,在庫,060250000,ノルマルパラフィン (25) (t),0024000101,平成24年1月
X,06050000,在庫,060250000,ノルマルパラフィン (25) (t),0024000202,平成24年2月
X,06050000,在庫,060250000,ノルマルパラフィン (25) (t),0024000303,平成24年3月
X,06050000,在庫,060250000,ノルマルパラフィン (25) (t),0024000404,平成24年4月
X,06050000,在庫,060250000,ノルマルパラフィン (25) (t),0024000505,平成24年5月
X,06050000,在庫,060250000,ノルマルパラフィン (25) (t),0024000606,平成24年6月
X,06050000,在庫,060250000,ノルマルパラフィン (25) (t),0024000707,平成24年7月
X,06050000,在庫,060250000,ノルマルパラフィン (25) (t),0024000808,平成24年8月
X,06050000,在庫,060250000,ノルマルパラフィン (25) (t),0024000909,平成24年9月
X,06050000,在庫,060250000,ノルマルパラフィン (25) (t),0024001010,平成24年10月
X,06050000,在庫,060250000,ノルマルパラフィン (25) (t),0024001111,平成24年11月
X,06050000,在庫,060250000,ノルマルパラフィン (25) (t),0024001212,平成24年12月
66003,06050000,在庫,060260000,分解ガソリン (26) (t),0020000000,平成20年
63007,06050000,在庫,060260000,分解ガソリン (26) (t),0021000000,平成21年
62003,06050000,在庫,060260000,分解ガソリン (26) (t),0022000000,平成22年
71466,06050000,在庫,060260000,分解ガソリン (26) (t),0023000000,平成23年
58326,06050000,在庫,060260000,分解ガソリン (26) (t),0024000000,平成24年
78573,06050000,在庫,060260000,分解ガソリン (26) (t),0022010000,平成22年度
56982,06050000,在庫,060260000,分解ガソリン (26) (t),0023010000,平成23年度
56982,06050000,在庫,060260000,分解ガソリン (26) (t),0024000103,平成24年 1 ～ 3 月
71752,06050000,在庫,060260000,分解ガソリン (26) (t),0024000406,平成24年 4 ～ 6 月
58006,06050000,在庫,060260000,分解ガソリン (26) (t),0024000709,平成24年 7 ～ 9 月
58326,06050000,在庫,060260000,分解ガソリン (26) (t),0024001012,平成24年 10 ～ 12 月
59220,06050000,在庫,060260000,分解ガソリン (26) (t),0024000101,平成24年1月
52595,06050000,在庫,060260000,分解ガソリン (26) (t),0024000202,平成24年2月
56982,06050000,在庫,060260000,分解ガソリン (26) (t),0024000303,平成24年3月
75782,06050000,在庫,060260000,分解ガソリン (26) (t),0024000404,平成24年4月
68607,06050000,在庫,060260000,分解ガソリン (26) (t),0024000505,平成24年5月
71752,06050000,在庫,060260000,分解ガソリン (26) (t),0024000606,平成24年6月
76328,06050000,在庫,060260000,分解ガソリン (26) (t),0024000707,平成24年7月
74565,06050000,在庫,060260000,分解ガソリン (26) (t),0024000808,平成24年8月
58006,06050000,在庫,060260000,分解ガソリン (26) (t),0024000909,平成24年9月
66351,06050000,在庫,060260000,分解ガソリン (26) (t),0024001010,平成24年10月
61562,06050000,在庫,060260000,分解ガソリン (26) (t),0024001111,平成24年11月
58326,06050000,在庫,060260000,分解ガソリン (26) (t),0024001212,平成24年12月
42385,06050000,在庫,060271000,エチルアルコール（95％換算） 計 (27～28) (kl),0020000000,平成20年
35555,06050000,在庫,060271000,エチルアルコール（95％換算） 計 (27～28) (kl),0021000000,平成21年
49119,06050000,在庫,060271000,エチルアルコール（95％換算） 計 (27～28) (kl),0022000000,平成22年
35696,06050000,在庫,060271000,エチルアルコール（95％換算） 計 (27～28) (kl),0023000000,平成23年
44687,06050000,在庫,060271000,エチルアルコール（95％換算） 計 (27～28) (kl),0024000000,平成24年
45772,06050000,在庫,060271000,エチルアルコール（95％換算） 計 (27～28) (kl),0022010000,平成22年度
43219,06050000,在庫,060271000,エチルアルコール（95％換算） 計 (27～28) (kl),0023010000,平成23年度
43219,06050000,在庫,060271000,エチルアルコール（95％換算） 計 (27～28) (kl),0024000103,平成24年 1 ～ 3 月
48191,06050000,在庫,060271000,エチルアルコール（95％換算） 計 (27～28) (kl),0024000406,平成24年 4 ～ 6 月
35387,06050000,在庫,060271000,エチルアルコール（95％換算） 計 (27～28) (kl),0024000709,平成24年 7 ～ 9 月
44687,06050000,在庫,060271000,エチルアルコール（95％換算） 計 (27～28) (kl),0024001012,平成24年 10 ～ 12 月
41507,06050000,在庫,060271000,エチルアルコール（95％換算） 計 (27～28) (kl),0024000101,平成24年1月
43654,06050000,在庫,060271000,エチルアルコール（95％換算） 計 (27～28) (kl),0024000202,平成24年2月
43219,06050000,在庫,060271000,エチルアルコール（95％換算） 計 (27～28) (kl),0024000303,平成24年3月
40505,06050000,在庫,060271000,エチルアルコール（95％換算） 計 (27～28) (kl),0024000404,平成24年4月
43506,06050000,在庫,060271000,エチルアルコール（95％換算） 計 (27～28) (kl),0024000505,平成24年5月
48191,06050000,在庫,060271000,エチルアルコール（95％換算） 計 (27～28) (kl),0024000606,平成24年6月
44621,06050000,在庫,060271000,エチルアルコール（95％換算） 計 (27～28) (kl),0024000707,平成24年7月
36325,06050000,在庫,060271000,エチルアルコール（95％換算） 計 (27～28) (kl),0024000808,平成24年8月
35387,06050000,在庫,060271000,エチルアルコール（95％換算） 計 (27～28) (kl),0024000909,平成24年9月
38438,06050000,在庫,060271000,エチルアルコール（95％換算） 計 (27～28) (kl),0024001010,平成24年10月
42395,06050000,在庫,060271000,エチルアルコール（95％換算） 計 (27～28) (kl),0024001111,平成24年11月
44687,06050000,在庫,060271000,エチルアルコール（95％換算） 計 (27～28) (kl),0024001212,平成24年12月
X,06050000,在庫,060271100,エチルアルコール（95％換算） 発酵エチルアルコール（95％換算） (27) (kl),0020000000,平成20年
X,06050000,在庫,060271100,エチルアルコール（95％換算） 発酵エチルアルコール（95％換算） (27) (kl),0021000000,平成21年
X,06050000,在庫,060271100,エチルアルコール（95％換算） 発酵エチルアルコール（95％換算） (27) (kl),0022000000,平成22年
X,06050000,在庫,060271100,エチルアルコール（95％換算） 発酵エチルアルコール（95％換算） (27) (kl),0023000000,平成23年
X,06050000,在庫,060271100,エチルアルコール（95％換算） 発酵エチルアルコール（95％換算） (27) (kl),0024000000,平成24年
X,06050000,在庫,060271100,エチルアルコール（95％換算） 発酵エチルアルコール（95％換算） (27) (kl),0022010000,平成22年度
X,06050000,在庫,060271100,エチルアルコール（95％換算） 発酵エチルアルコール（95％換算） (27) (kl),0023010000,平成23年度
X,06050000,在庫,060271100,エチルアルコール（95％換算） 発酵エチルアルコール（95％換算） (27) (kl),0024000103,平成24年 1 ～ 3 月
X,06050000,在庫,060271100,エチルアルコール（95％換算） 発酵エチルアルコール（95％換算） (27) (kl),0024000406,平成24年 4 ～ 6 月
X,06050000,在庫,060271100,エチルアルコール（95％換算） 発酵エチルアルコール（95％換算） (27) (kl),0024000709,平成24年 7 ～ 9 月
X,06050000,在庫,060271100,エチルアルコール（95％換算） 発酵エチルアルコール（95％換算） (27) (kl),0024001012,平成24年 10 ～ 12 月
X,06050000,在庫,060271100,エチルアルコール（95％換算） 発酵エチルアルコール（95％換算） (27) (kl),0024000101,平成24年1月
X,06050000,在庫,060271100,エチルアルコール（95％換算） 発酵エチルアルコール（95％換算） (27) (kl),0024000202,平成24年2月
X,06050000,在庫,060271100,エチルアルコール（95％換算） 発酵エチルアルコール（95％換算） (27) (kl),0024000303,平成24年3月
X,06050000,在庫,060271100,エチルアルコール（95％換算） 発酵エチルアルコール（95％換算） (27) (kl),0024000404,平成24年4月
X,06050000,在庫,060271100,エチルアルコール（95％換算） 発酵エチルアルコール（95％換算） (27) (kl),0024000505,平成24年5月
X,06050000,在庫,060271100,エチルアルコール（95％換算） 発酵エチルアルコール（95％換算） (27) (kl),0024000606,平成24年6月
X,06050000,在庫,060271100,エチルアルコール（95％換算） 発酵エチルアルコール（95％換算） (27) (kl),0024000707,平成24年7月
X,06050000,在庫,060271100,エチルアルコール（95％換算） 発酵エチルアルコール（95％換算） (27) (kl),0024000808,平成24年8月
X,06050000,在庫,060271100,エチルアルコール（95％換算） 発酵エチルアルコール（95％換算） (27) (kl),0024000909,平成24年9月
X,06050000,在庫,060271100,エチルアルコール（95％換算） 発酵エチルアルコール（95％換算） (27) (kl),0024001010,平成24年10月
X,06050000,在庫,060271100,エチルアルコール（95％換算） 発酵エチルアルコール（95％換算） (27) (kl),0024001111,平成24年11月
X,06050000,在庫,060271100,エチルアルコール（95％換算） 発酵エチルアルコール（95％換算） (27) (kl),0024001212,平成24年12月
X,06050000,在庫,060271200,エチルアルコール（95％換算） エチルアルコール（95％換算） (28) (kl),0020000000,平成20年
X,06050000,在庫,060271200,エチルアルコール（95％換算） エチルアルコール（95％換算） (28) (kl),0021000000,平成21年
X,06050000,在庫,060271200,エチルアルコール（95％換算） エチルアルコール（95％換算） (28) (kl),0022000000,平成22年
X,06050000,在庫,060271200,エチルアルコール（95％換算） エチルアルコール（95％換算） (28) (kl),0023000000,平成23年
X,06050000,在庫,060271200,エチルアルコール（95％換算） エチルアルコール（95％換算） (28) (kl),0024000000,平成24年
X,06050000,在庫,060271200,エチルアルコール（95％換算） エチルアルコール（95％換算） (28) (kl),0022010000,平成22年度
X,06050000,在庫,060271200,エチルアルコール（95％換算） エチルアルコール（95％換算） (28) (kl),0023010000,平成23年度
X,06050000,在庫,060271200,エチルアルコール（95％換算） エチルアルコール（95％換算） (28) (kl),0024000103,平成24年 1 ～ 3 月
X,06050000,在庫,060271200,エチルアルコール（95％換算） エチルアルコール（95％換算） (28) (kl),0024000406,平成24年 4 ～ 6 月
X,06050000,在庫,060271200,エチルアルコール（95％換算） エチルアルコール（95％換算） (28) (kl),0024000709,平成24年 7 ～ 9 月
X,06050000,在庫,060271200,エチルアルコール（95％換算） エチルアルコール（95％換算） (28) (kl),0024001012,平成24年 10 ～ 12 月
X,06050000,在庫,060271200,エチルアルコール（95％換算） エチルアルコール（95％換算） (28) (kl),0024000101,平成24年1月
X,06050000,在庫,060271200,エチルアルコール（95％換算） エチルアルコール（95％換算） (28) (kl),0024000202,平成24年2月
X,06050000,在庫,060271200,エチルアルコール（95％換算） エチルアルコール（95％換算） (28) (kl),0024000303,平成24年3月
X,06050000,在庫,060271200,エチルアルコール（95％換算） エチルアルコール（95％換算） (28) (kl),0024000404,平成24年4月
X,06050000,在庫,060271200,エチルアルコール（95％換算） エチルアルコール（95％換算） (28) (kl),0024000505,平成24年5月
X,06050000,在庫,060271200,エチルアルコール（95％換算） エチルアルコール（95％換算） (28) (kl),0024000606,平成24年6月
X,06050000,在庫,060271200,エチルアルコール（95％換算） エチルアルコール（95％換算） (28) (kl),0024000707,平成24年7月
X,06050000,在庫,060271200,エチルアルコール（95％換算） エチルアルコール（95％換算） (28) (kl),0024000808,平成24年8月
X,06050000,在庫,060271200,エチルアルコール（95％換算） エチルアルコール（95％換算） (28) (kl),0024000909,平成24年9月
X,06050000,在庫,060271200,エチルアルコール（95％換算） エチルアルコール（95％換算） (28) (kl),0024001010,平成24年10月
X,06050000,在庫,060271200,エチルアルコール（95％換算） エチルアルコール（95％換算） (28) (kl),0024001111,平成24年11月
X,06050000,在庫,060271200,エチルアルコール（95％換算） エチルアルコール（95％換算） (28) (kl),0024001212,平成24年12月
3971,06050000,在庫,060280000,無水酢酸 (29) (t),0020000000,平成20年
3718,06050000,在庫,060280000,無水酢酸 (29) (t),0021000000,平成21年
2589,06050000,在庫,060280000,無水酢酸 (29) (t),0022000000,平成22年
X,06050000,在庫,060280000,無水酢酸 (29) (t),0023000000,平成23年
X,06050000,在庫,060280000,無水酢酸 (29) (t),0024000000,平成24年
X,06050000,在庫,060280000,無水酢酸 (29) (t),0022010000,平成22年度
X,06050000,在庫,060280000,無水酢酸 (29) (t),0023010000,平成23年度
X,06050000,在庫,060280000,無水酢酸 (29) (t),0024000103,平成24年 1 ～ 3 月
X,06050000,在庫,060280000,無水酢酸 (29) (t),0024000406,平成24年 4 ～ 6 月
X,06050000,在庫,060280000,無水酢酸 (29) (t),0024000709,平成24年 7 ～ 9 月
X,06050000,在庫,060280000,無水酢酸 (29) (t),0024001012,平成24年 10 ～ 12 月
X,06050000,在庫,060280000,無水酢酸 (29) (t),0024000101,平成24年1月
X,06050000,在庫,060280000,無水酢酸 (29) (t),0024000202,平成24年2月
X,06050000,在庫,060280000,無水酢酸 (29) (t),0024000303,平成24年3月
X,06050000,在庫,060280000,無水酢酸 (29) (t),0024000404,平成24年4月
X,06050000,在庫,060280000,無水酢酸 (29) (t),0024000505,平成24年5月
X,06050000,在庫,060280000,無水酢酸 (29) (t),0024000606,平成24年6月
X,06050000,在庫,060280000,無水酢酸 (29) (t),0024000707,平成24年7月
X,06050000,在庫,060280000,無水酢酸 (29) (t),0024000808,平成24年8月
X,06050000,在庫,060280000,無水酢酸 (29) (t),0024000909,平成24年9月
X,06050000,在庫,060280000,無水酢酸 (29) (t),0024001010,平成24年10月
X,06050000,在庫,060280000,無水酢酸 (29) (t),0024001111,平成24年11月
X,06050000,在庫,060280000,無水酢酸 (29) (t),0024001212,平成24年12月
17896,06050000,在庫,060290000,トリクロルエチレン (30) (t),0020000000,平成20年
9453,06050000,在庫,060290000,トリクロルエチレン (30) (t),0021000000,平成21年
3258,06050000,在庫,060290000,トリクロルエチレン (30) (t),0022000000,平成22年
X,06050000,在庫,060290000,トリクロルエチレン (30) (t),0023000000,平成23年
X,06050000,在庫,060290000,トリクロルエチレン (30) (t),0024000000,平成24年
X,06050000,在庫,060290000,トリクロルエチレン (30) (t),0022010000,平成22年度
X,06050000,在庫,060290000,トリクロルエチレン (30) (t),0023010000,平成23年度
X,06050000,在庫,060290000,トリクロルエチレン (30) (t),0024000103,平成24年 1 ～ 3 月
X,06050000,在庫,060290000,トリクロルエチレン (30) (t),0024000406,平成24年 4 ～ 6 月
X,06050000,在庫,060290000,トリクロルエチレン (30) (t),0024000709,平成24年 7 ～ 9 月
X,06050000,在庫,060290000,トリクロルエチレン (30) (t),0024001012,平成24年 10 ～ 12 月
X,06050000,在庫,060290000,トリクロルエチレン (30) (t),0024000101,平成24年1月
X,06050000,在庫,060290000,トリクロルエチレン (30) (t),0024000202,平成24年2月
X,06050000,在庫,060290000,トリクロルエチレン (30) (t),0024000303,平成24年3月
X,06050000,在庫,060290000,トリクロルエチレン (30) (t),0024000404,平成24年4月
X,06050000,在庫,060290000,トリクロルエチレン (30) (t),0024000505,平成24年5月
X,06050000,在庫,060290000,トリクロルエチレン (30) (t),0024000606,平成24年6月
X,06050000,在庫,060290000,トリクロルエチレン (30) (t),0024000707,平成24年7月
X,06050000,在庫,060290000,トリクロルエチレン (30) (t),0024000808,平成24年8月
X,06050000,在庫,060290000,トリクロルエチレン (30) (t),0024000909,平成24年9月
X,06050000,在庫,060290000,トリクロルエチレン (30) (t),0024001010,平成24年10月
X,06050000,在庫,060290000,トリクロルエチレン (30) (t),0024001111,平成24年11月
X,06050000,在庫,060290000,トリクロルエチレン (30) (t),0024001212,平成24年12月
12725,06050000,在庫,060300000,ホルマリン (31) (t),0020000000,平成20年
11980,06050000,在庫,060300000,ホルマリン (31) (t),0021000000,平成21年
12135,06050000,在庫,060300000,ホルマリン (31) (t),0022000000,平成22年
12075,06050000,在庫,060300000,ホルマリン (31) (t),0023000000,平成23年
12262,06050000,在庫,060300000,ホルマリン (31) (t),0024000000,平成24年
12026,06050000,在庫,060300000,ホルマリン (31) (t),0022010000,平成22年度
12580,06050000,在庫,060300000,ホルマリン (31) (t),0023010000,平成23年度
12580,06050000,在庫,060300000,ホルマリン (31) (t),0024000103,平成24年 1 ～ 3 月
11541,06050000,在庫,060300000,ホルマリン (31) (t),0024000406,平成24年 4 ～ 6 月
12875,06050000,在庫,060300000,ホルマリン (31) (t),0024000709,平成24年 7 ～ 9 月
12262,06050000,在庫,060300000,ホルマリン (31) (t),0024001012,平成24年 10 ～ 12 月
11542,06050000,在庫,060300000,ホルマリン (31) (t),0024000101,平成24年1月
12455,06050000,在庫,060300000,ホルマリン (31) (t),0024000202,平成24年2月
12580,06050000,在庫,060300000,ホルマリン (31) (t),0024000303,平成24年3月
12397,06050000,在庫,060300000,ホルマリン (31) (t),0024000404,平成24年4月
11284,06050000,在庫,060300000,ホルマリン (31) (t),0024000505,平成24年5月
11541,06050000,在庫,060300000,ホルマリン (31) (t),0024000606,平成24年6月
12963,06050000,在庫,060300000,ホルマリン (31) (t),0024000707,平成24年7月
11195,06050000,在庫,060300000,ホルマリン (31) (t),0024000808,平成24年8月
12875,06050000,在庫,060300000,ホルマリン (31) (t),0024000909,平成24年9月
11305,06050000,在庫,060300000,ホルマリン (31) (t),0024001010,平成24年10月
12166,06050000,在庫,060300000,ホルマリン (31) (t),0024001111,平成24年11月
12262,06050000,在庫,060300000,ホルマリン (31) (t),0024001212,平成24年12月
1763,06050000,在庫,060310000,塩化メチル (32) (t),0020000000,平成20年
1571,06050000,在庫,060310000,塩化メチル (32) (t),0021000000,平成21年
1758,06050000,在庫,060310000,塩化メチル (32) (t),0022000000,平成22年
1482,06050000,在庫,060310000,塩化メチル (32) (t),0023000000,平成23年
1051,06050000,在庫,060310000,塩化メチル (32) (t),0024000000,平成24年
1060,06050000,在庫,060310000,塩化メチル (32) (t),0022010000,平成22年度
1317,06050000,在庫,060310000,塩化メチル (32) (t),0023010000,平成23年度
1317,06050000,在庫,060310000,塩化メチル (32) (t),0024000103,平成24年 1 ～ 3 月
844,06050000,在庫,060310000,塩化メチル (32) (t),0024000406,平成24年 4 ～ 6 月
1538,06050000,在庫,060310000,塩化メチル (32) (t),0024000709,平成24年 7 ～ 9 月
1051,06050000,在庫,060310000,塩化メチル (32) (t),0024001012,平成24年 10 ～ 12 月
1505,06050000,在庫,060310000,塩化メチル (32) (t),0024000101,平成24年1月
1567,06050000,在庫,060310000,塩化メチル (32) (t),0024000202,平成24年2月
1317,06050000,在庫,060310000,塩化メチル (32) (t),0024000303,平成24年3月
1780,06050000,在庫,060310000,塩化メチル (32) (t),0024000404,平成24年4月
1515,06050000,在庫,060310000,塩化メチル (32) (t),0024000505,平成24年5月
844,06050000,在庫,060310000,塩化メチル (32) (t),0024000606,平成24年6月
1478,06050000,在庫,060310000,塩化メチル (32) (t),0024000707,平成24年7月
1143,06050000,在庫,060310000,塩化メチル (32) (t),0024000808,平成24年8月
1538,06050000,在庫,060310000,塩化メチル (32) (t),0024000909,平成24年9月
979,06050000,在庫,060310000,塩化メチル (32) (t),0024001010,平成24年10月
1186,06050000,在庫,060310000,塩化メチル (32) (t),0024001111,平成24年11月
1051,06050000,在庫,060310000,塩化メチル (32) (t),0024001212,平成24年12月
4468,06050000,在庫,060320000,塩化メチレン (33) (t),0020000000,平成20年
5633,06050000,在庫,060320000,塩化メチレン (33) (t),0021000000,平成21年
3787,06050000,在庫,060320000,塩化メチレン (33) (t),0022000000,平成22年
3389,06050000,在庫,060320000,塩化メチレン (33) (t),0023000000,平成23年
3921,06050000,在庫,060320000,塩化メチレン (33) (t),0024000000,平成24年
3803,06050000,在庫,060320000,塩化メチレン (33) (t),0022010000,平成22年度
3486,06050000,在庫,060320000,塩化メチレン (33) (t),0023010000,平成23年度
3486,06050000,在庫,060320000,塩化メチレン (33) (t),0024000103,平成24年 1 ～ 3 月
3928,06050000,在庫,060320000,塩化メチレン (33) (t),0024000406,平成24年 4 ～ 6 月
4507,06050000,在庫,060320000,塩化メチレン (33) (t),0024000709,平成24年 7 ～ 9 月
3921,06050000,在庫,060320000,塩化メチレン (33) (t),0024001012,平成24年 10 ～ 12 月
3272,06050000,在庫,060320000,塩化メチレン (33) (t),0024000101,平成24年1月
3133,06050000,在庫,060320000,塩化メチレン (33) (t),0024000202,平成24年2月
3486,06050000,在庫,060320000,塩化メチレン (33) (t),0024000303,平成24年3月
3831,06050000,在庫,060320000,塩化メチレン (33) (t),0024000404,平成24年4月
3488,06050000,在庫,060320000,塩化メチレン (33) (t),0024000505,平成24年5月
3928,06050000,在庫,060320000,塩化メチレン (33) (t),0024000606,平成24年6月
4051,06050000,在庫,060320000,塩化メチレン (33) (t),0024000707,平成24年7月
4254,06050000,在庫,060320000,塩化メチレン (33) (t),0024000808,平成24年8月
4507,06050000,在庫,060320000,塩化メチレン (33) (t),0024000909,平成24年9月
3918,06050000,在庫,060320000,塩化メチレン (33) (t),0024001010,平成24年10月
4230,06050000,在庫,060320000,塩化メチレン (33) (t),0024001111,平成24年11月
3921,06050000,在庫,060320000,塩化メチレン (33) (t),0024001212,平成24年12月
5993,06050000,在庫,060330000,無水マレイン酸 (34) (t),0020000000,平成20年
5493,06050000,在庫,060330000,無水マレイン酸 (34) (t),0021000000,平成21年
4661,06050000,在庫,060330000,無水マレイン酸 (34) (t),0022000000,平成22年
5544,06050000,在庫,060330000,無水マレイン酸 (34) (t),0023000000,平成23年
3300,06050000,在庫,060330000,無水マレイン酸 (34) (t),0024000000,平成24年
4744,06050000,在庫,060330000,無水マレイン酸 (34) (t),0022010000,平成22年度
5922,06050000,在庫,060330000,無水マレイン酸 (34) (t),0023010000,平成23年度
5922,06050000,在庫,060330000,無水マレイン酸 (34) (t),0024000103,平成24年 1 ～ 3 月
4000,06050000,在庫,060330000,無水マレイン酸 (34) (t),0024000406,平成24年 4 ～ 6 月
4172,06050000,在庫,060330000,無水マレイン酸 (34) (t),0024000709,平成24年 7 ～ 9 月
3300,06050000,在庫,060330000,無水マレイン酸 (34) (t),0024001012,平成24年 10 ～ 12 月
6154,06050000,在庫,060330000,無水マレイン酸 (34) (t),0024000101,平成24年1月
6430,06050000,在庫,060330000,無水マレイン酸 (34) (t),0024000202,平成24年2月
5922,06050000,在庫,060330000,無水マレイン酸 (34) (t),0024000303,平成24年3月
4401,06050000,在庫,060330000,無水マレイン酸 (34) (t),0024000404,平成24年4月
4182,06050000,在庫,060330000,無水マレイン酸 (34) (t),0024000505,平成24年5月
4000,06050000,在庫,060330000,無水マレイン酸 (34) (t),0024000606,平成24年6月
4218,06050000,在庫,060330000,無水マレイン酸 (34) (t),0024000707,平成24年7月
4948,06050000,在庫,060330000,無水マレイン酸 (34) (t),0024000808,平成24年8月
4172,06050000,在庫,060330000,無水マレイン酸 (34) (t),0024000909,平成24年9月
3719,06050000,在庫,060330000,無水マレイン酸 (34) (t),0024001010,平成24年10月
2724,06050000,在庫,060330000,無水マレイン酸 (34) (t),0024001111,平成24年11月
3300,06050000,在庫,060330000,無水マレイン酸 (34) (t),0024001212,平成24年12月
7436,06050000,在庫,060340000,メラミン (35) (t),0020000000,平成20年
3746,06050000,在庫,060340000,メラミン (35) (t),0021000000,平成21年
3913,06050000,在庫,060340000,メラミン (35) (t),0022000000,平成22年
X,06050000,在庫,060340000,メラミン (35) (t),0023000000,平成23年
X,06050000,在庫,060340000,メラミン (35) (t),0024000000,平成24年
X,06050000,在庫,060340000,メラミン (35) (t),0022010000,平成22年度
X,06050000,在庫,060340000,メラミン (35) (t),0023010000,平成23年度
X,06050000,在庫,060340000,メラミン (35) (t),0024000103,平成24年 1 ～ 3 月
X,06050000,在庫,060340000,メラミン (35) (t),0024000406,平成24年 4 ～ 6 月
X,06050000,在庫,060340000,メラミン (35) (t),0024000709,平成24年 7 ～ 9 月
X,06050000,在庫,060340000,メラミン (35) (t),0024001012,平成24年 10 ～ 12 月
X,06050000,在庫,060340000,メラミン (35) (t),0024000101,平成24年1月
X,06050000,在庫,060340000,メラミン (35) (t),0024000202,平成24年2月
X,06050000,在庫,060340000,メラミン (35) (t),0024000303,平成24年3月
X,06050000,在庫,060340000,メラミン (35) (t),0024000404,平成24年4月
X,06050000,在庫,060340000,メラミン (35) (t),0024000505,平成24年5月
X,06050000,在庫,060340000,メラミン (35) (t),0024000606,平成24年6月
X,06050000,在庫,060340000,メラミン (35) (t),0024000707,平成24年7月
X,06050000,在庫,060340000,メラミン (35) (t),0024000808,平成24年8月
X,06050000,在庫,060340000,メラミン (35) (t),0024000909,平成24年9月
X,06050000,在庫,060340000,メラミン (35) (t),0024001010,平成24年10月
X,06050000,在庫,060340000,メラミン (35) (t),0024001111,平成24年11月
X,06050000,在庫,060340000,メラミン (35) (t),0024001212,平成24年12月
20723,06050000,在庫,060351000,可塑剤 フタル酸系可塑剤 (36) (t),0020000000,平成20年
12749,06050000,在庫,060351000,可塑剤 フタル酸系可塑剤 (36) (t),0021000000,平成21年
12807,06050000,在庫,060351000,可塑剤 フタル酸系可塑剤 (36) (t),0022000000,平成22年
13994,06050000,在庫,060351000,可塑剤 フタル酸系可塑剤 (36) (t),0023000000,平成23年
15793,06050000,在庫,060351000,可塑剤 フタル酸系可塑剤 (36) (t),0024000000,平成24年
14322,06050000,在庫,060351000,可塑剤 フタル酸系可塑剤 (36) (t),0022010000,平成22年度
17133,06050000,在庫,060351000,可塑剤 フタル酸系可塑剤 (36) (t),0023010000,平成23年度
17133,06050000,在庫,060351000,可塑剤 フタル酸系可塑剤 (36) (t),0024000103,平成24年 1 ～ 3 月
14109,06050000,在庫,060351000,可塑剤 フタル酸系可塑剤 (36) (t),0024000406,平成24年 4 ～ 6 月
16248,06050000,在庫,060351000,可塑剤 フタル酸系可塑剤 (36) (t),0024000709,平成24年 7 ～ 9 月
15793,06050000,在庫,060351000,可塑剤 フタル酸系可塑剤 (36) (t),0024001012,平成24年 10 ～ 12 月
16200,06050000,在庫,060351000,可塑剤 フタル酸系可塑剤 (36) (t),0024000101,平成24年1月
15821,06050000,在庫,060351000,可塑剤 フタル酸系可塑剤 (36) (t),0024000202,平成24年2月
17133,06050000,在庫,060351000,可塑剤 フタル酸系可塑剤 (36) (t),0024000303,平成24年3月
15809,06050000,在庫,060351000,可塑剤 フタル酸系可塑剤 (36) (t),0024000404,平成24年4月
14244,06050000,在庫,060351000,可塑剤 フタル酸系可塑剤 (36) (t),0024000505,平成24年5月
14109,06050000,在庫,060351000,可塑剤 フタル酸系可塑剤 (36) (t),0024000606,平成24年6月
15301,06050000,在庫,060351000,可塑剤 フタル酸系可塑剤 (36) (t),0024000707,平成24年7月
17152,06050000,在庫,060351000,可塑剤 フタル酸系可塑剤 (36) (t),0024000808,平成24年8月
16248,06050000,在庫,060351000,可塑剤 フタル酸系可塑剤 (36) (t),0024000909,平成24年9月
14627,06050000,在庫,060351000,可塑剤 フタル酸系可塑剤 (36) (t),0024001010,平成24年10月
12947,06050000,在庫,060351000,可塑剤 フタル酸系可塑剤 (36) (t),0024001111,平成24年11月
15793,06050000,在庫,060351000,可塑剤 フタル酸系可塑剤 (36) (t),0024001212,平成24年12月
2231,06050000,在庫,060352000,可塑剤 りん酸系可塑剤 (37) (t),0020000000,平成20年
4375,06050000,在庫,060352000,可塑剤 りん酸系可塑剤 (37) (t),0021000000,平成21年
4917,06050000,在庫,060352000,可塑剤 りん酸系可塑剤 (37) (t),0022000000,平成22年
4527,06050000,在庫,060352000,可塑剤 りん酸系可塑剤 (37) (t),0023000000,平成23年
4827,06050000,在庫,060352000,可塑剤 りん酸系可塑剤 (37) (t),0024000000,平成24年
4037,06050000,在庫,060352000,可塑剤 りん酸系可塑剤 (37) (t),0022010000,平成22年度
4475,06050000,在庫,060352000,可塑剤 りん酸系可塑剤 (37) (t),0023010000,平成23年度
4475,06050000,在庫,060352000,可塑剤 りん酸系可塑剤 (37) (t),0024000103,平成24年 1 ～ 3 月
5012,06050000,在庫,060352000,可塑剤 りん酸系可塑剤 (37) (t),0024000406,平成24年 4 ～ 6 月
4624,06050000,在庫,060352000,可塑剤 りん酸系可塑剤 (37) (t),0024000709,平成24年 7 ～ 9 月
4827,06050000,在庫,060352000,可塑剤 りん酸系可塑剤 (37) (t),0024001012,平成24年 10 ～ 12 月
4692,06050000,在庫,060352000,可塑剤 りん酸系可塑剤 (37) (t),0024000101,平成24年1月
4966,06050000,在庫,060352000,可塑剤 りん酸系可塑剤 (37) (t),0024000202,平成24年2月
4475,06050000,在庫,060352000,可塑剤 りん酸系可塑剤 (37) (t),0024000303,平成24年3月
4798,06050000,在庫,060352000,可塑剤 りん酸系可塑剤 (37) (t),0024000404,平成24年4月
4568,06050000,在庫,060352000,可塑剤 りん酸系可塑剤 (37) (t),0024000505,平成24年5月
5012,06050000,在庫,060352000,可塑剤 りん酸系可塑剤 (37) (t),0024000606,平成24年6月
5760,06050000,在庫,060352000,可塑剤 りん酸系可塑剤 (37) (t),0024000707,平成24年7月
4257,06050000,在庫,060352000,可塑剤 りん酸系可塑剤 (37) (t),0024000808,平成24年8月
4624,06050000,在庫,060352000,可塑剤 りん酸系可塑剤 (37) (t),0024000909,平成24年9月
4154,06050000,在庫,060352000,可塑剤 りん酸系可塑剤 (37) (t),0024001010,平成24年10月
5264,06050000,在庫,060352000,可塑剤 りん酸系可塑剤 (37) (t),0024001111,平成24年11月
4827,06050000,在庫,060352000,可塑剤 りん酸系可塑剤 (37) (t),0024001212,平成24年12月
1446,06050000,在庫,060353000,可塑剤 エポキシ系可塑剤 (38) (t),0020000000,平成20年
1008,06050000,在庫,060353000,可塑剤 エポキシ系可塑剤 (38) (t),0021000000,平成21年
1050,06050000,在庫,060353000,可塑剤 エポキシ系可塑剤 (38) (t),0022000000,平成22年
1146,06050000,在庫,060353000,可塑剤 エポキシ系可塑剤 (38) (t),0023000000,平成23年
1226,06050000,在庫,060353000,可塑剤 エポキシ系可塑剤 (38) (t),0024000000,平成24年
1006,06050000,在庫,060353000,可塑剤 エポキシ系可塑剤 (38) (t),0022010000,平成22年度
1474,06050000,在庫,060353000,可塑剤 エポキシ系可塑剤 (38) (t),0023010000,平成23年度
1474,06050000,在庫,060353000,可塑剤 エポキシ系可塑剤 (38) (t),0024000103,平成24年 1 ～ 3 月
1370,06050000,在庫,060353000,可塑剤 エポキシ系可塑剤 (38) (t),0024000406,平成24年 4 ～ 6 月
1572,06050000,在庫,060353000,可塑剤 エポキシ系可塑剤 (38) (t),0024000709,平成24年 7 ～ 9 月
1226,06050000,在庫,060353000,可塑剤 エポキシ系可塑剤 (38) (t),0024001012,平成24年 10 ～ 12 月
1379,06050000,在庫,060353000,可塑剤 エポキシ系可塑剤 (38) (t),0024000101,平成24年1月
1255,06050000,在庫,060353000,可塑剤 エポキシ系可塑剤 (38) (t),0024000202,平成24年2月
1474,06050000,在庫,060353000,可塑剤 エポキシ系可塑剤 (38) (t),0024000303,平成24年3月
1351,06050000,在庫,060353000,可塑剤 エポキシ系可塑剤 (38) (t),0024000404,平成24年4月
744,06050000,在庫,060353000,可塑剤 エポキシ系可塑剤 (38) (t),0024000505,平成24年5月
1370,06050000,在庫,060353000,可塑剤 エポキシ系可塑剤 (38) (t),0024000606,平成24年6月
1296,06050000,在庫,060353000,可塑剤 エポキシ系可塑剤 (38) (t),0024000707,平成24年7月
1068,06050000,在庫,060353000,可塑剤 エポキシ系可塑剤 (38) (t),0024000808,平成24年8月
1572,06050000,在庫,060353000,可塑剤 エポキシ系可塑剤 (38) (t),0024000909,平成24年9月
763,06050000,在庫,060353000,可塑剤 エポキシ系可塑剤 (38) (t),0024001010,平成24年10月
1319,06050000,在庫,060353000,可塑剤 エポキシ系可塑剤 (38) (t),0024001111,平成24年11月
1226,06050000,在庫,060353000,可塑剤 エポキシ系可塑剤 (38) (t),0024001212,平成24年12月
